0 0.938802 0.892739 0.117188 0.135314
0 0.302083 0.884488 0.109375 0.138614
0 0.641927 0.877888 0.127604 0.151815
0 0.789062 0.877888 0.130208 0.158416
0 0.454427 0.871287 0.148438 0.165017
0 0.125000 0.866337 0.145833 0.181518
0 0.407552 0.660066 0.101562 0.125413
0 0.119792 0.655116 0.093750 0.122112
0 0.270833 0.653465 0.114583 0.138614
0 0.717448 0.646865 0.117188 0.145215
0 0.558594 0.643564 0.122396 0.151815
0 0.908854 0.622112 0.166667 0.201320
0 0.404948 0.427393 0.101562 0.115512
0 0.273438 0.420792 0.098958 0.122112
0 0.881510 0.417492 0.101562 0.128713
0 0.541667 0.417492 0.104167 0.128713
0 0.125000 0.417492 0.109375 0.135314
0 0.710938 0.400990 0.130208 0.155116
0 0.266927 0.193069 0.101562 0.115512
0 0.723958 0.181518 0.109375 0.125413
0 0.121094 0.183168 0.117188 0.135314
0 0.567708 0.176568 0.125000 0.141914
0 0.410156 0.173267 0.122396 0.148515
0 0.876302 0.151815 0.153646 0.184818
