8 0.380757 0.898849 0.087171 0.087171
3 0.179276 0.893092 0.108553 0.095395
3 0.825658 0.851974 0.125000 0.118421
3 0.690789 0.820724 0.101974 0.115132
5 0.543586 0.823191 0.123355 0.123355
5 0.416941 0.763980 0.123355 0.129934
5 0.176809 0.749178 0.106908 0.110197
4 0.884046 0.717105 0.097039 0.095395
2 0.752467 0.698191 0.090461 0.090461
7 0.607730 0.684211 0.070724 0.072368
0 0.314145 0.570724 0.085526 0.082237
6 0.808388 0.545230 0.054276 0.064145
1 0.575658 0.531250 0.085526 0.085526
8 0.119243 0.474507 0.090461 0.090461
4 0.281250 0.449013 0.101974 0.105263
2 0.649671 0.420230 0.108553 0.110197
2 0.895559 0.393914 0.074013 0.077303
7 0.461349 0.371711 0.087171 0.092105
1 0.151316 0.330592 0.085526 0.085526
8 0.589638 0.280428 0.074013 0.074013
1 0.804276 0.236842 0.108553 0.108553
4 0.446546 0.208059 0.097039 0.097039
6 0.107730 0.124178 0.103618 0.057566
0 0.257401 0.129112 0.090461 0.090461
7 0.899671 0.118421 0.085526 0.088816
6 0.652138 0.114309 0.097039 0.106908
