8 0.745888 0.897204 0.087171 0.087171
5 0.482730 0.849507 0.080592 0.077303
0 0.127467 0.842928 0.103618 0.093750
3 0.641447 0.814145 0.069079 0.072368
1 0.276316 0.833882 0.118421 0.118421
3 0.366776 0.717105 0.072368 0.069079
4 0.150493 0.693257 0.074013 0.074013
8 0.487664 0.634046 0.083882 0.083882
1 0.629934 0.638158 0.098684 0.098684
8 0.882401 0.591283 0.080592 0.080592
4 0.229441 0.560033 0.074013 0.074013
2 0.519737 0.508224 0.101974 0.098684
4 0.765625 0.509046 0.126645 0.123355
1 0.125000 0.465461 0.062500 0.062500
6 0.300164 0.433388 0.070724 0.044408
2 0.837171 0.397204 0.101974 0.097039
6 0.676809 0.362664 0.050987 0.087171
3 0.458882 0.299342 0.075658 0.072368
6 0.135691 0.301809 0.041118 0.083882
7 0.814145 0.263158 0.088816 0.092105
7 0.290296 0.230263 0.070724 0.072368
5 0.681743 0.216283 0.070724 0.067434
5 0.436678 0.162007 0.100329 0.106908
0 0.560855 0.129934 0.062500 0.062500
7 0.144737 0.144737 0.095395 0.098684
2 0.843750 0.125822 0.101974 0.103618
