5 0.711349 0.895559 0.077303 0.074013
3 0.098684 0.871711 0.065789 0.062500
7 0.515625 0.884868 0.110197 0.115132
5 0.333059 0.867599 0.103618 0.100329
2 0.805921 0.808388 0.115132 0.116776
5 0.624178 0.780428 0.077303 0.077303
3 0.213816 0.763158 0.072368 0.072368
1 0.488487 0.733553 0.125000 0.125000
8 0.107730 0.686678 0.077303 0.077303
8 0.242599 0.625822 0.077303 0.077303
0 0.834704 0.585526 0.077303 0.075658
4 0.626645 0.552632 0.088816 0.092105
1 0.123355 0.534539 0.059211 0.059211
3 0.360197 0.557566 0.128289 0.121711
8 0.500822 0.477796 0.070724 0.070724
7 0.752467 0.458059 0.057566 0.050987
0 0.318257 0.414474 0.074013 0.072368
1 0.882401 0.383224 0.090461 0.092105
2 0.619243 0.388158 0.116776 0.125000
6 0.124178 0.314967 0.067434 0.041118
2 0.432566 0.324836 0.105263 0.100329
0 0.716283 0.231908 0.067434 0.059211
4 0.261513 0.240132 0.078947 0.075658
6 0.581414 0.219572 0.064145 0.047697
7 0.893914 0.225329 0.070724 0.072368
4 0.440789 0.121711 0.075658 0.072368
7 0.157072 0.143092 0.110197 0.115132
