3 0.346217 0.898849 0.050987 0.103618
4 0.526316 0.857730 0.065789 0.064145
5 0.719572 0.864309 0.077303 0.080592
0 0.854441 0.807566 0.090461 0.088816
6 0.254112 0.798520 0.070724 0.097039
7 0.396382 0.766447 0.088816 0.092105
8 0.101151 0.737664 0.083882 0.083882
5 0.587993 0.726151 0.070724 0.070724
5 0.773849 0.658717 0.080592 0.080592
1 0.289474 0.651316 0.088816 0.088816
5 0.449836 0.594572 0.093750 0.093750
4 0.134868 0.570724 0.085526 0.082237
3 0.615132 0.519737 0.072368 0.075658
3 0.789474 0.516447 0.098684 0.101974
0 0.336349 0.509046 0.093750 0.103618
2 0.106908 0.410362 0.078947 0.077303
4 0.402961 0.405428 0.075658 0.074013
6 0.884046 0.370888 0.054276 0.067434
2 0.711349 0.375000 0.100329 0.105263
1 0.537829 0.356908 0.095395 0.095395
0 0.277961 0.336349 0.088816 0.093750
8 0.405428 0.237664 0.087171 0.087171
1 0.610197 0.200658 0.078947 0.078947
2 0.135691 0.217928 0.123355 0.120066
3 0.804276 0.166118 0.078947 0.085526
7 0.506579 0.115132 0.085526 0.088816
7 0.370888 0.110197 0.080592 0.082237
