4 0.723684 0.893914 0.108553 0.110197
4 0.566612 0.862664 0.074013 0.074013
0 0.259046 0.852796 0.093750 0.100329
3 0.138158 0.809211 0.095395 0.098684
2 0.851974 0.787829 0.095395 0.092105
3 0.398026 0.784539 0.108553 0.098684
7 0.698191 0.718750 0.070724 0.072368
0 0.245066 0.672697 0.088816 0.095395
0 0.522204 0.662829 0.106908 0.095395
8 0.900493 0.620888 0.090461 0.090461
1 0.759868 0.592105 0.088816 0.088816
2 0.317434 0.528783 0.075658 0.080592
7 0.480263 0.527961 0.115132 0.121711
6 0.851151 0.469572 0.100329 0.070724
3 0.419408 0.407895 0.072368 0.069079
1 0.587171 0.409539 0.082237 0.082237
6 0.132401 0.403783 0.083882 0.090461
8 0.739309 0.375822 0.083882 0.083882
6 0.888980 0.303454 0.100329 0.050987
8 0.461349 0.270559 0.087171 0.087171
7 0.310033 0.276316 0.106908 0.111842
2 0.731086 0.223684 0.087171 0.092105
4 0.129112 0.216283 0.087171 0.087171
5 0.573191 0.188322 0.123355 0.126645
1 0.361842 0.151316 0.105263 0.105263
5 0.884046 0.119243 0.077303 0.077303
5 0.219572 0.107730 0.113487 0.120066
