4 0.249178 0.886513 0.070724 0.072368
7 0.113487 0.866776 0.062500 0.065789
6 0.535362 0.869243 0.110197 0.077303
7 0.849507 0.850329 0.100329 0.105263
7 0.355263 0.787829 0.092105 0.095395
0 0.662829 0.760691 0.095395 0.083882
5 0.477796 0.729441 0.087171 0.087171
8 0.879112 0.721217 0.087171 0.087171
0 0.171875 0.702303 0.064145 0.059211
0 0.754934 0.679276 0.105263 0.105263
6 0.897204 0.581414 0.074013 0.037829
4 0.635691 0.589638 0.064145 0.064145
3 0.416118 0.541118 0.121711 0.121711
2 0.256579 0.506579 0.072368 0.072368
3 0.759868 0.503289 0.108553 0.098684
8 0.530428 0.454770 0.090461 0.090461
8 0.344572 0.405428 0.080592 0.080592
5 0.109375 0.403783 0.129934 0.129934
2 0.649671 0.379112 0.082237 0.087171
4 0.852796 0.356908 0.113487 0.111842
2 0.276316 0.288651 0.078947 0.083882
3 0.539474 0.287829 0.101974 0.098684
1 0.748355 0.175987 0.059211 0.059211
1 0.286184 0.152961 0.078947 0.078947
1 0.125000 0.152961 0.078947 0.078947
5 0.530428 0.112664 0.090461 0.087171
6 0.898849 0.119243 0.054276 0.106908
