7 0.780428 0.870066 0.077303 0.072368
4 0.186678 0.857730 0.100329 0.100329
4 0.523849 0.855263 0.116776 0.115132
1 0.406250 0.797697 0.095395 0.095395
8 0.885691 0.762336 0.074013 0.074013
7 0.666118 0.766447 0.092105 0.095395
7 0.540296 0.718750 0.097039 0.101974
7 0.166941 0.684211 0.077303 0.078947
6 0.887336 0.620888 0.067434 0.093750
0 0.759868 0.615132 0.095395 0.098684
0 0.356086 0.613487 0.110197 0.108553
1 0.539474 0.564145 0.085526 0.085526
5 0.245888 0.510691 0.120066 0.120066
8 0.803454 0.489309 0.083882 0.083882
2 0.094572 0.471217 0.106908 0.110197
2 0.375822 0.467105 0.116776 0.115132
5 0.666941 0.407072 0.070724 0.074013
3 0.458882 0.366776 0.098684 0.092105
0 0.206414 0.361020 0.087171 0.087171
4 0.891447 0.367599 0.121711 0.123355
6 0.119243 0.249178 0.067434 0.044408
6 0.300164 0.247533 0.067434 0.044408
5 0.599507 0.254112 0.083882 0.080592
1 0.726974 0.212171 0.069079 0.069079
3 0.513158 0.133224 0.065789 0.062500
8 0.849507 0.119243 0.090461 0.090461
2 0.255757 0.098684 0.120066 0.115132
