6 0.897204 0.882401 0.064145 0.050987
0 0.467928 0.893092 0.067434 0.075658
8 0.634046 0.875822 0.077303 0.077303
4 0.185033 0.876645 0.113487 0.111842
5 0.347862 0.852796 0.083882 0.080592
2 0.745888 0.773849 0.106908 0.110197
4 0.435033 0.728618 0.064145 0.065789
3 0.881579 0.722039 0.092105 0.088816
2 0.630757 0.706414 0.070724 0.067434
2 0.222039 0.722862 0.115132 0.120066
6 0.104441 0.645559 0.074013 0.116776
4 0.727796 0.606086 0.097039 0.097039
3 0.304276 0.582237 0.069079 0.072368
6 0.569901 0.530428 0.034539 0.077303
8 0.851151 0.510691 0.093750 0.093750
0 0.126645 0.498355 0.105263 0.111842
1 0.417763 0.457237 0.069079 0.069079
1 0.277961 0.407895 0.078947 0.078947
7 0.776316 0.402961 0.115132 0.121711
1 0.542763 0.384868 0.085526 0.085526
7 0.192434 0.292763 0.062500 0.065789
8 0.647204 0.265625 0.080592 0.080592
0 0.781250 0.255757 0.088816 0.100329
5 0.464638 0.240954 0.100329 0.093750
5 0.234375 0.140625 0.126645 0.126645
3 0.480263 0.106908 0.101974 0.105263
7 0.740954 0.105263 0.110197 0.115132
