3 0.453947 0.883224 0.065789 0.065789
1 0.718750 0.810855 0.062500 0.062500
3 0.226974 0.825658 0.111842 0.115132
5 0.882401 0.806743 0.116776 0.123355
5 0.462993 0.721217 0.093750 0.097039
7 0.109375 0.687500 0.100329 0.105263
6 0.798520 0.668586 0.087171 0.087171
4 0.558388 0.627467 0.116776 0.120066
0 0.192434 0.596217 0.088816 0.097039
7 0.698191 0.575658 0.074013 0.075658
4 0.370066 0.581414 0.105263 0.106908
6 0.262336 0.479441 0.113487 0.070724
6 0.500822 0.467928 0.123355 0.077303
7 0.135691 0.447368 0.097039 0.101974
8 0.637336 0.428454 0.074013 0.074013
8 0.372533 0.390625 0.087171 0.087171
2 0.819901 0.369243 0.067434 0.064145
0 0.257401 0.314145 0.074013 0.072368
2 0.672697 0.296053 0.095395 0.098684
0 0.116776 0.277138 0.101974 0.103618
4 0.534539 0.254934 0.065789 0.069079
2 0.826480 0.216283 0.077303 0.074013
1 0.376645 0.187500 0.085526 0.085526
3 0.598684 0.120066 0.095395 0.088816
8 0.744243 0.104441 0.080592 0.080592
5 0.135691 0.109375 0.100329 0.100329
