7 0.682566 0.898026 0.088816 0.092105
7 0.889803 0.896382 0.118421 0.125000
3 0.455592 0.876645 0.101974 0.098684
1 0.305921 0.842105 0.075658 0.075658
1 0.789474 0.791118 0.105263 0.105263
0 0.606086 0.703125 0.077303 0.090461
8 0.893914 0.688322 0.077303 0.077303
1 0.328947 0.638158 0.101974 0.101974
7 0.482730 0.638158 0.106908 0.111842
0 0.747533 0.592928 0.064145 0.064145
4 0.633224 0.518092 0.078947 0.075658
6 0.847862 0.500822 0.097039 0.047697
4 0.252467 0.518092 0.110197 0.115132
0 0.430921 0.490132 0.098684 0.088816
6 0.607730 0.369243 0.054276 0.054276
2 0.803454 0.370066 0.123355 0.118421
3 0.103618 0.355263 0.092105 0.101974
5 0.362664 0.270559 0.090461 0.090461
6 0.888980 0.234375 0.037829 0.077303
4 0.744243 0.228618 0.113487 0.111842
8 0.494243 0.191612 0.093750 0.093750
3 0.185033 0.171875 0.074013 0.077303
2 0.628289 0.166941 0.115132 0.120066
5 0.339638 0.115954 0.070724 0.067434
