6 0.198191 0.893914 0.074013 0.090461
4 0.428454 0.814145 0.064145 0.065789
0 0.643914 0.787829 0.103618 0.095395
7 0.111842 0.791118 0.111842 0.118421
5 0.798520 0.782072 0.110197 0.113487
4 0.275493 0.775493 0.116776 0.113487
8 0.517270 0.709704 0.077303 0.077303
7 0.191612 0.648026 0.110197 0.115132
2 0.328947 0.634868 0.095395 0.092105
2 0.846217 0.616776 0.097039 0.101974
6 0.701480 0.573191 0.074013 0.041118
4 0.501645 0.565789 0.098684 0.101974
6 0.196546 0.509046 0.103618 0.047697
1 0.812500 0.465461 0.059211 0.059211
3 0.540296 0.434211 0.093750 0.082237
0 0.292763 0.423520 0.085526 0.077303
3 0.694079 0.401316 0.095395 0.092105
8 0.130757 0.387336 0.097039 0.097039
0 0.871711 0.356086 0.062500 0.054276
8 0.420230 0.367599 0.090461 0.090461
5 0.630757 0.285362 0.083882 0.077303
5 0.196546 0.265625 0.080592 0.077303
3 0.500000 0.251645 0.069079 0.072368
2 0.771382 0.182566 0.082237 0.078947
1 0.356908 0.172697 0.111842 0.111842
1 0.126645 0.141447 0.125000 0.125000
7 0.594572 0.128289 0.097039 0.101974
