0 0.813322 0.900493 0.087171 0.087171
0 0.274671 0.874178 0.092105 0.100329
2 0.567434 0.844572 0.105263 0.106908
4 0.133224 0.804276 0.065789 0.069079
8 0.436678 0.775493 0.077303 0.077303
4 0.796053 0.727796 0.121711 0.123355
1 0.226974 0.700658 0.088816 0.088816
7 0.592928 0.684211 0.070724 0.072368
4 0.438322 0.643092 0.120066 0.118421
8 0.106086 0.614309 0.090461 0.090461
2 0.734375 0.573191 0.103618 0.103618
6 0.313322 0.558388 0.047697 0.074013
4 0.542763 0.549342 0.092105 0.085526
3 0.888158 0.498355 0.069079 0.065789
5 0.393914 0.448191 0.097039 0.090461
5 0.166941 0.441612 0.074013 0.077303
6 0.715461 0.371711 0.055921 0.078947
1 0.587171 0.330592 0.085526 0.085526
0 0.384046 0.313322 0.090461 0.090461
1 0.152961 0.291118 0.095395 0.095395
2 0.890625 0.237664 0.110197 0.110197
3 0.269737 0.197368 0.069079 0.078947
5 0.706414 0.186678 0.116776 0.116776
6 0.375822 0.115954 0.057566 0.057566
8 0.888980 0.107730 0.077303 0.077303
7 0.139803 0.110197 0.095395 0.098684
7 0.554276 0.106908 0.115132 0.121711
