0 0.1069 0.1209 0.0987 0.0970
0 0.3388 0.8322 0.0757 0.0724
0 0.5469 0.3783 0.0872 0.0855
1 0.4441 0.6595 0.0757 0.0757
1 0.6250 0.2500 0.0987 0.0987
1 0.3980 0.4605 0.0789 0.0789
2 0.2607 0.6686 0.1168 0.1135
2 0.3684 0.1061 0.0855 0.0839
2 0.1357 0.4630 0.1069 0.1069
3 0.7977 0.8421 0.0888 0.0954
3 0.6891 0.6349 0.1053 0.1020
3 0.1645 0.3125 0.1250 0.1184
4 0.8438 0.3972 0.1184 0.1201
4 0.8923 0.7113 0.1266 0.1234
4 0.5584 0.7895 0.1168 0.1217
5 0.5173 0.1258 0.0806 0.0740
5 0.8692 0.1998 0.1168 0.1135
5 0.8183 0.5518 0.1036 0.1168
6 0.6850 0.1275 0.0872 0.0806
6 0.1160 0.8544 0.0970 0.1069
6 0.1225 0.6143 0.0839 0.1135
