0 0.8717 0.4095 0.0658 0.0625
0 0.3207 0.3207 0.0757 0.0757
0 0.5206 0.2105 0.1003 0.1020
1 0.2500 0.4836 0.0954 0.0954
1 0.7714 0.8306 0.0921 0.0921
1 0.3964 0.4852 0.0625 0.0625
2 0.4663 0.7015 0.0773 0.0740
2 0.3215 0.6891 0.0905 0.0855
2 0.3890 0.8791 0.0839 0.0806
3 0.6497 0.2697 0.1151 0.1217
3 0.7829 0.1151 0.0691 0.0757
3 0.5411 0.5296 0.1151 0.1053
4 0.7878 0.6982 0.0921 0.0938
4 0.5395 0.3610 0.1053 0.1069
4 0.1044 0.7171 0.0773 0.0789
5 0.6669 0.4531 0.1201 0.1234
5 0.2508 0.8265 0.0740 0.0740
5 0.1719 0.2442 0.0806 0.0707
6 0.6340 0.8512 0.1003 0.1266
6 0.1127 0.4515 0.0806 0.0839
6 0.1554 0.1094 0.1003 0.1036
