0 0.5938 0.6686 0.1053 0.1036
0 0.7574 0.2714 0.1003 0.0921
0 0.7072 0.7459 0.1118 0.1135
1 0.4819 0.5461 0.1184 0.1184
1 0.8503 0.7730 0.0954 0.0954
1 0.5543 0.8734 0.0691 0.0691
2 0.1110 0.4021 0.0812 0.0839
2 0.2056 0.8734 0.1020 0.1053
2 0.8717 0.4556 0.0724 0.0724
3 0.1694 0.1793 0.1086 0.1217
3 0.2303 0.5181 0.1053 0.1053
3 0.4112 0.1908 0.1086 0.1151
4 0.4416 0.6982 0.1003 0.1003
4 0.8939 0.6053 0.0773 0.0789
4 0.5633 0.2656 0.0970 0.0970
5 0.3956 0.3824 0.1036 0.1069
5 0.2590 0.7393 0.0905 0.0839
5 0.7525 0.1324 0.1003 0.1069
6 0.7541 0.6340 0.0839 0.1234
6 0.7327 0.4794 0.0773 0.1102
6 0.3446 0.8709 0.0773 0.1036
