0 0.4128 0.3059 0.0691 0.0789
0 0.2640 0.1291 0.0938 0.1069
0 0.1349 0.6464 0.0691 0.0658
1 0.8141 0.2270 0.0954 0.0954
1 0.1151 0.1365 0.0757 0.0757
1 0.5016 0.1250 0.0954 0.0954
2 0.3454 0.7007 0.0724 0.0691
2 0.7253 0.4893 0.1151 0.1168
2 0.5238 0.8865 0.1168 0.1151
3 0.2155 0.4128 0.0757 0.0724
3 0.4457 0.5674 0.0724 0.0658
3 0.5559 0.2533 0.0789 0.0757
4 0.8215 0.3882 0.1102 0.1086
4 0.2204 0.8339 0.1053 0.1020
4 0.6201 0.6308 0.0757 0.0740
5 0.8495 0.7393 0.1069 0.1003
5 0.7837 0.8890 0.0970 0.1036
5 0.6044 0.7722 0.1332 0.1201
6 0.4794 0.4334 0.0970 0.0839
6 0.1982 0.2706 0.1102 0.1036
6 0.6538 0.3512 0.1234 0.0812
