0 0.3125 0.5164 0.1151 0.1053
0 0.4457 0.7138 0.0658 0.0724
0 0.2442 0.7081 0.0905 0.0905
1 0.8010 0.1842 0.0822 0.0822
1 0.4638 0.3174 0.1316 0.1316
1 0.8355 0.7434 0.1053 0.1053
2 0.3207 0.2410 0.1118 0.1168
2 0.1192 0.5271 0.0970 0.0970
2 0.5658 0.4638 0.0724 0.0724
3 0.7336 0.5674 0.0954 0.1020
3 0.6020 0.8355 0.1151 0.1217
3 0.6086 0.6283 0.0855 0.0789
4 0.7434 0.8651 0.0789 0.0822
4 0.1439 0.1595 0.0674 0.0691
4 0.8347 0.3618 0.1201 0.1184
5 0.2870 0.8906 0.0707 0.0773
5 0.5189 0.1094 0.1003 0.0970
5 0.6291 0.2771 0.0905 0.1036
6 0.9005 0.5354 0.1135 0.0806
6 0.1439 0.3610 0.1003 0.1135
6 0.1160 0.7393 0.1234 0.0839
