0 0.2780 0.8561 0.0724 0.0674
0 0.2426 0.6628 0.0543 0.0625
0 0.7418 0.5970 0.0888 0.0987
1 0.2138 0.2138 0.0888 0.0888
1 0.3569 0.2878 0.0691 0.0691
1 0.5461 0.5477 0.0592 0.0592
2 0.2303 0.3980 0.1086 0.1151
2 0.2064 0.5312 0.0970 0.0921
2 0.1431 0.8618 0.0822 0.0855
3 0.4786 0.7516 0.1020 0.1053
3 0.7138 0.8240 0.0822 0.0822
3 0.8766 0.6974 0.1151 0.1118
4 0.6283 0.4441 0.0822 0.0789
4 0.6916 0.2212 0.0872 0.0872
4 0.8462 0.2969 0.0938 0.0938
5 0.3610 0.4581 0.1234 0.1201
5 0.4975 0.1801 0.1266 0.1299
5 0.5896 0.8939 0.0812 0.0773
6 0.9005 0.4285 0.1003 0.1266
6 0.5798 0.3002 0.1201 0.0740
6 0.8363 0.1439 0.1266 0.0839
