0 0.6003 0.5403 0.0757 0.0812
0 0.3997 0.8043 0.0855 0.0921
0 0.7854 0.2368 0.0839 0.0954
1 0.2418 0.8947 0.0921 0.0921
1 0.7582 0.4375 0.0625 0.0625
1 0.4030 0.3586 0.0822 0.0822
2 0.1891 0.6850 0.1151 0.1201
2 0.8956 0.8618 0.0970 0.0921
2 0.5551 0.2007 0.0938 0.0954
3 0.4095 0.5839 0.1053 0.1086
3 0.2500 0.3931 0.0724 0.0757
3 0.7500 0.7895 0.0855 0.0789
4 0.3191 0.1809 0.0724 0.0757
4 0.6102 0.7229 0.1086 0.1102
4 0.1061 0.2664 0.0970 0.0954
5 0.8873 0.6653 0.1135 0.1168
5 0.1373 0.4613 0.1135 0.1201
5 0.1867 0.1357 0.0773 0.0773
6 0.8824 0.3725 0.1003 0.1003
6 0.6357 0.3528 0.1135 0.1102
6 0.8939 0.1735 0.1168 0.0872
