0 0.7418 0.7475 0.0954 0.0872
0 0.1571 0.6184 0.1003 0.1020
0 0.1258 0.3092 0.0970 0.0954
1 0.2582 0.8405 0.0658 0.0658
1 0.6793 0.3914 0.1086 0.1086
1 0.3191 0.6661 0.1118 0.1118
2 0.6653 0.1061 0.1201 0.1168
2 0.4770 0.6234 0.1250 0.1250
2 0.0962 0.1637 0.0641 0.0674
3 0.5411 0.1891 0.1020 0.1118
3 0.6579 0.5905 0.1283 0.1151
3 0.2977 0.2500 0.0987 0.0987
4 0.8133 0.3734 0.1234 0.1217
4 0.4729 0.4465 0.0773 0.0773
4 0.7755 0.2089 0.1168 0.1151
5 0.5929 0.8890 0.0740 0.0740
5 0.2541 0.4433 0.1069 0.1168
5 0.7821 0.5206 0.0970 0.0872
6 0.4597 0.8808 0.1299 0.0938
6 0.8692 0.6291 0.1266 0.1168
6 0.1538 0.7607 0.0707 0.1234
