0 0.6957 0.8298 0.1020 0.0905
0 0.5255 0.6900 0.0872 0.0872
0 0.1176 0.6579 0.0970 0.1118
1 0.2845 0.7796 0.0987 0.0987
1 0.6628 0.6562 0.1250 0.1250
1 0.7993 0.2796 0.0559 0.0559
2 0.2854 0.5732 0.0839 0.0872
2 0.1192 0.4095 0.1135 0.1184
2 0.8561 0.4276 0.0970 0.1020
3 0.2434 0.1562 0.1086 0.1020
3 0.4194 0.8602 0.0954 0.0888
3 0.5230 0.4786 0.0691 0.0658
4 0.8775 0.7336 0.1234 0.1217
4 0.4235 0.2566 0.1299 0.1283
4 0.2738 0.2919 0.1201 0.1168
5 0.5600 0.2278 0.0812 0.0812
5 0.6752 0.4597 0.1135 0.1168
5 0.3824 0.1143 0.0970 0.1069
6 0.1061 0.2146 0.0740 0.1266
6 0.1439 0.8627 0.1135 0.0938
6 0.7689 0.1357 0.0938 0.1102
