0 0.4581 0.4646 0.0938 0.1003
0 0.6562 0.3257 0.0625 0.0526
0 0.6012 0.8150 0.1069 0.0970
1 0.8520 0.3783 0.0757 0.0757
1 0.3980 0.7122 0.0921 0.0921
1 0.8010 0.2253 0.0789 0.0789
2 0.1250 0.2961 0.1184 0.1250
2 0.3766 0.3577 0.0921 0.0905
2 0.2541 0.4556 0.1003 0.1020
3 0.4753 0.8832 0.0757 0.0757
3 0.3273 0.8421 0.0855 0.0855
3 0.2237 0.7188 0.1151 0.1184
4 0.8018 0.8446 0.0905 0.0905
4 0.7368 0.6571 0.0691 0.0674
4 0.6365 0.1949 0.0987 0.1003
5 0.7656 0.4926 0.1234 0.1266
5 0.1456 0.5502 0.1332 0.1234
5 0.4334 0.1012 0.1266 0.1332
6 0.2804 0.1965 0.1168 0.0970
6 0.1357 0.1324 0.0970 0.1135
6 0.5781 0.6653 0.1135 0.1299
