0 0.2212 0.1562 0.0872 0.0789
0 0.1365 0.2804 0.0757 0.0872
0 0.4433 0.3758 0.0773 0.0839
1 0.4852 0.8207 0.0757 0.0757
1 0.7303 0.2812 0.0921 0.0921
1 0.2533 0.8668 0.0888 0.0888
2 0.4655 0.1924 0.1053 0.1020
2 0.8602 0.3174 0.0658 0.0691
2 0.8668 0.8931 0.1184 0.1118
3 0.2155 0.5707 0.0789 0.0888
3 0.7533 0.5724 0.0789 0.0757
3 0.6053 0.5493 0.0757 0.0789
4 0.4120 0.5206 0.0773 0.0773
4 0.5666 0.6867 0.1234 0.1201
4 0.5896 0.3174 0.1266 0.1250
5 0.0995 0.7640 0.0773 0.0872
5 0.3627 0.6702 0.1036 0.0970
5 0.8150 0.1258 0.0970 0.0970
6 0.6127 0.8725 0.1201 0.0905
6 0.3035 0.2837 0.0938 0.1201
6 0.7377 0.7969 0.0839 0.1234
