0 0.8709 0.1127 0.0740 0.0707
0 0.3635 0.8857 0.0625 0.0609
0 0.3627 0.3610 0.0812 0.0740
1 0.6776 0.1661 0.0888 0.0888
1 0.7615 0.8092 0.0822 0.0822
1 0.5921 0.8668 0.1086 0.1086
2 0.7138 0.5058 0.1184 0.1234
2 0.4910 0.5197 0.0938 0.0954
2 0.4038 0.7229 0.1234 0.1201
3 0.8931 0.4605 0.1217 0.1151
3 0.4145 0.1020 0.0658 0.0724
3 0.7500 0.6464 0.0921 0.0888
4 0.1192 0.4424 0.1135 0.1184
4 0.1365 0.7377 0.0724 0.0707
4 0.1036 0.2311 0.1151 0.1168
5 0.2623 0.6225 0.1036 0.1069
5 0.5469 0.1719 0.1168 0.1036
5 0.1044 0.6094 0.1135 0.1135
6 0.1785 0.8873 0.1069 0.1102
6 0.8709 0.8988 0.1201 0.1234
6 0.6373 0.3906 0.1036 0.1135
