0 0.2525 0.3997 0.0707 0.0625
0 0.4424 0.6505 0.1118 0.1135
0 0.4252 0.8503 0.0740 0.0724
1 0.7928 0.7188 0.1118 0.1118
1 0.4211 0.2451 0.0691 0.0691
1 0.7714 0.4605 0.0888 0.0888
2 0.1094 0.6118 0.1234 0.1184
2 0.6217 0.6982 0.0658 0.0674
2 0.1776 0.1488 0.1151 0.1168
3 0.8799 0.6184 0.1053 0.0954
3 0.2549 0.8635 0.1250 0.1283
3 0.7566 0.1069 0.0987 0.1020
4 0.8997 0.2640 0.1053 0.1069
4 0.4663 0.5074 0.1266 0.1234
4 0.2961 0.6768 0.1151 0.1168
5 0.1143 0.4400 0.1069 0.1036
5 0.7607 0.8758 0.0707 0.0812
5 0.5979 0.3725 0.1069 0.1102
6 0.1061 0.8939 0.1135 0.0970
6 0.5765 0.1028 0.1234 0.0740
6 0.6094 0.8988 0.0970 0.0905
