0 0.3125 0.7039 0.0691 0.0658
0 0.7418 0.7697 0.0757 0.0691
0 0.5247 0.3224 0.0658 0.0691
1 0.7747 0.2122 0.0855 0.0855
1 0.5609 0.6859 0.1151 0.1151
1 0.3158 0.2812 0.1184 0.1184
2 0.2048 0.8339 0.0740 0.0724
2 0.1225 0.3931 0.0839 0.0855
2 0.2015 0.1965 0.1135 0.1168
3 0.6365 0.4375 0.0757 0.0757
3 0.2730 0.4375 0.0724 0.0691
3 0.7319 0.5461 0.0724 0.0757
4 0.8758 0.5502 0.0740 0.0740
4 0.8816 0.3150 0.1184 0.1201
4 0.4260 0.7911 0.0987 0.0954
5 0.3413 0.1077 0.1266 0.1234
5 0.4762 0.5436 0.1069 0.1069
5 0.1242 0.6686 0.0812 0.0905
6 0.5798 0.8363 0.1234 0.0740
6 0.5041 0.1439 0.1036 0.1036
6 0.2360 0.5666 0.0839 0.1234
