0 0.6875 0.6735 0.0954 0.1069
0 0.5140 0.4062 0.1003 0.0987
0 0.2804 0.3709 0.0641 0.0576
1 0.2286 0.1990 0.0691 0.0691
1 0.3651 0.7418 0.1250 0.1250
1 0.8997 0.5740 0.1053 0.1053
2 0.1077 0.8215 0.1168 0.1201
2 0.4342 0.1102 0.1053 0.1020
2 0.6423 0.8076 0.1266 0.1250
3 0.7648 0.1875 0.1118 0.1086
3 0.2582 0.8684 0.1053 0.1151
3 0.6003 0.1924 0.1053 0.1151
4 0.1521 0.5625 0.0839 0.0855
4 0.4597 0.5584 0.0812 0.0812
4 0.1266 0.3355 0.0822 0.0855
5 0.7294 0.3413 0.0812 0.0812
5 0.7952 0.7492 0.0839 0.0773
5 0.7393 0.5206 0.1102 0.1168
6 0.9005 0.8446 0.1201 0.0970
6 0.5008 0.8117 0.0773 0.1003
6 0.3298 0.5387 0.0872 0.1135
