0 0.5962 0.1192 0.0674 0.0609
0 0.2097 0.0970 0.0812 0.0822
0 0.3059 0.2878 0.1020 0.0921
1 0.4852 0.7862 0.0724 0.0724
1 0.6908 0.8684 0.0822 0.0822
1 0.4786 0.2204 0.0592 0.0592
2 0.2237 0.5345 0.1053 0.1020
2 0.3643 0.6505 0.0812 0.0839
2 0.5403 0.5814 0.0812 0.0773
3 0.7714 0.5740 0.1151 0.1283
3 0.8717 0.4276 0.0855 0.0789
3 0.7089 0.2352 0.1086 0.1020
4 0.3281 0.4260 0.1168 0.1151
4 0.5773 0.3503 0.0855 0.0888
4 0.8298 0.1826 0.0970 0.0954
5 0.8692 0.8956 0.1102 0.1069
5 0.1275 0.2607 0.0872 0.0872
5 0.3413 0.8380 0.1332 0.1234
6 0.1291 0.8808 0.0970 0.1266
6 0.6637 0.6785 0.0905 0.1201
6 0.2130 0.7673 0.1168 0.1036
