0 0.3125 0.3125 0.0691 0.0724
0 0.7854 0.7089 0.0812 0.0822
0 0.3248 0.7854 0.0872 0.0872
1 0.8947 0.2451 0.0822 0.0822
1 0.1776 0.6727 0.1118 0.1118
1 0.6891 0.3026 0.0625 0.0625
2 0.4334 0.2475 0.1201 0.1168
2 0.7607 0.4498 0.1102 0.1069
2 0.2969 0.5913 0.1234 0.1266
3 0.1480 0.1414 0.1184 0.1053
3 0.6711 0.5592 0.1151 0.1151
3 0.5312 0.1184 0.0789 0.0789
4 0.5107 0.3808 0.0812 0.0812
4 0.5222 0.6332 0.0707 0.0724
4 0.3174 0.1414 0.0987 0.0954
5 0.1110 0.2903 0.0839 0.0905
5 0.1834 0.5041 0.1135 0.1069
5 0.8725 0.5896 0.1036 0.1069
6 0.7081 0.1538 0.0707 0.0938
6 0.4762 0.8906 0.0905 0.1234
6 0.5962 0.7722 0.0839 0.1003
