0 0.4877 0.3224 0.0872 0.0789
0 0.1924 0.8692 0.0954 0.0905
0 0.6151 0.3931 0.0888 0.0855
1 0.1694 0.3207 0.1053 0.1053
1 0.8355 0.4967 0.0888 0.0888
1 0.5477 0.6299 0.0789 0.0789
2 0.3964 0.8380 0.1184 0.1234
2 0.2837 0.4794 0.0740 0.0707
2 0.7969 0.3322 0.0674 0.0658
3 0.5576 0.1562 0.0757 0.0789
3 0.4457 0.4819 0.1184 0.1086
3 0.8503 0.1941 0.0888 0.0822
4 0.7442 0.6891 0.1036 0.1020
4 0.3051 0.3183 0.1168 0.1201
4 0.1431 0.6094 0.1184 0.1201
5 0.6390 0.8314 0.0938 0.0905
5 0.1653 0.1127 0.0905 0.0839
5 0.7294 0.1357 0.0740 0.0740
6 0.8577 0.7804 0.1003 0.1266
6 0.3988 0.1044 0.1003 0.0872
6 0.2229 0.7245 0.1003 0.1135
