0 0.5271 0.7821 0.0674 0.0641
0 0.1308 0.1398 0.0674 0.0592
0 0.8783 0.5979 0.0757 0.0707
1 0.6579 0.3799 0.1184 0.1184
1 0.1299 0.6349 0.0691 0.0691
1 0.4457 0.2500 0.0954 0.0954
2 0.3355 0.8849 0.0987 0.0954
2 0.6217 0.6776 0.0822 0.0789
2 0.3947 0.6604 0.1217 0.1168
3 0.7697 0.6859 0.0855 0.0888
3 0.7681 0.1941 0.1283 0.1283
3 0.2007 0.7632 0.1151 0.1151
4 0.2188 0.4030 0.1250 0.1250
4 0.5954 0.1554 0.0691 0.0674
4 0.4260 0.3890 0.1086 0.1036
5 0.2327 0.2344 0.0970 0.1069
5 0.4054 0.1028 0.1299 0.1266
5 0.7410 0.5222 0.0839 0.0905
6 0.8380 0.4104 0.1299 0.1135
6 0.7821 0.8314 0.1266 0.0970
6 0.5567 0.5173 0.0872 0.1003
