0 0.2656 0.1217 0.1036 0.1086
0 0.1324 0.5222 0.0576 0.0641
0 0.1349 0.6842 0.0789 0.0921
1 0.2434 0.3783 0.1151 0.1151
1 0.4441 0.7467 0.0757 0.0757
1 0.6530 0.6694 0.1086 0.1086
2 0.8766 0.2360 0.1020 0.0970
2 0.2656 0.8133 0.0641 0.0674
2 0.5181 0.3816 0.0691 0.0691
3 0.5148 0.5707 0.1086 0.1151
3 0.1003 0.3750 0.0987 0.1053
3 0.8701 0.5855 0.0954 0.0987
4 0.3660 0.2015 0.1201 0.1168
4 0.5263 0.1760 0.0921 0.0954
4 0.7599 0.3487 0.0921 0.0888
5 0.8446 0.7673 0.0707 0.0740
5 0.7459 0.5271 0.1168 0.1201
5 0.5123 0.8824 0.0839 0.0773
6 0.3577 0.5041 0.0872 0.1234
6 0.1192 0.8906 0.1168 0.1201
6 0.8873 0.4153 0.1036 0.1069
