0 0.6012 0.4515 0.0609 0.0576
0 0.3240 0.7681 0.0691 0.0822
0 0.3947 0.2985 0.0757 0.0707
1 0.8717 0.5461 0.0888 0.0888
1 0.1859 0.5773 0.0822 0.0822
1 0.3684 0.5724 0.1118 0.1118
2 0.7730 0.2237 0.0855 0.0888
2 0.7508 0.7821 0.1234 0.1201
2 0.5419 0.8166 0.0740 0.0773
3 0.5444 0.6480 0.1053 0.0987
3 0.1431 0.3898 0.0888 0.0888
3 0.1151 0.1135 0.0789 0.0724
4 0.2812 0.1793 0.0888 0.0921
4 0.6604 0.1094 0.0674 0.0674
4 0.8668 0.1053 0.0987 0.0954
5 0.6571 0.8939 0.0970 0.1036
5 0.5831 0.3248 0.1135 0.1168
5 0.4071 0.1225 0.1003 0.0970
6 0.7229 0.6439 0.0839 0.1135
6 0.2130 0.8643 0.1266 0.0872
6 0.1340 0.2541 0.1102 0.1036
