0 0.2220 0.2944 0.1020 0.0921
0 0.8084 0.8092 0.0872 0.0822
0 0.6373 0.6291 0.0905 0.0773
1 0.6859 0.3438 0.1053 0.1053
1 0.1316 0.8372 0.0789 0.0789
1 0.4342 0.4178 0.0921 0.0921
2 0.2327 0.6768 0.1036 0.1003
2 0.6094 0.2130 0.0740 0.0707
2 0.3289 0.5600 0.0855 0.0839
3 0.8240 0.1151 0.0987 0.1020
3 0.2171 0.1513 0.0724 0.0691
3 0.8026 0.4901 0.1151 0.1151
4 0.5617 0.4564 0.0806 0.0806
4 0.1086 0.4811 0.0724 0.0707
4 0.4868 0.8117 0.1283 0.1299
5 0.6719 0.8150 0.1201 0.1234
5 0.6883 0.0995 0.0707 0.0839
5 0.3775 0.2442 0.0872 0.0806
6 0.8988 0.6028 0.0872 0.1332
6 0.2936 0.4186 0.0707 0.1102
6 0.4646 0.5732 0.1102 0.1266
