0 0.3273 0.4860 0.0724 0.0674
0 0.3553 0.8997 0.0789 0.0724
0 0.2664 0.2377 0.0658 0.0707
1 0.8569 0.7434 0.0724 0.0724
1 0.5773 0.7122 0.0822 0.0822
1 0.2500 0.7829 0.1217 0.1217
2 0.8676 0.5140 0.1168 0.1135
2 0.5567 0.3643 0.1036 0.1069
2 0.7097 0.3602 0.1003 0.1053
3 0.4556 0.5757 0.1118 0.1020
3 0.5576 0.8914 0.0921 0.0855
3 0.7089 0.5428 0.0888 0.0855
4 0.1949 0.5650 0.1266 0.1299
4 0.7854 0.8931 0.1266 0.1250
4 0.3331 0.6793 0.1234 0.1217
5 0.8035 0.2048 0.1234 0.1201
5 0.5107 0.2360 0.0806 0.0872
5 0.6571 0.1933 0.0839 0.0806
6 0.4137 0.1390 0.1036 0.1201
6 0.1620 0.1488 0.1069 0.1266
6 0.1176 0.8035 0.0970 0.1003
