0 0.8067 0.3035 0.0641 0.0674
0 0.4819 0.3446 0.1020 0.1069
0 0.5345 0.1036 0.0658 0.0724
1 0.1579 0.7961 0.0855 0.0855
1 0.4030 0.8438 0.0789 0.0789
1 0.3503 0.1102 0.0921 0.0921
2 0.5814 0.4696 0.1234 0.1266
2 0.5452 0.7451 0.1266 0.1217
2 0.2681 0.3100 0.0921 0.0905
3 0.6809 0.3388 0.0757 0.0757
3 0.8125 0.8092 0.0888 0.0921
3 0.2484 0.4786 0.1020 0.0987
4 0.4391 0.6209 0.1118 0.1135
4 0.6933 0.1406 0.0812 0.0812
4 0.7360 0.6225 0.1266 0.1299
5 0.1127 0.4548 0.1266 0.1168
5 0.2738 0.8725 0.0872 0.0812
5 0.3067 0.6571 0.0707 0.0773
6 0.8709 0.4893 0.0905 0.1102
6 0.1785 0.1982 0.1036 0.1234
6 0.8873 0.1258 0.1003 0.1168
