0 0.7862 0.4572 0.1118 0.0987
0 0.3766 0.3438 0.0921 0.0855
0 0.2919 0.6891 0.0773 0.0658
1 0.4704 0.5312 0.1151 0.1151
1 0.4852 0.2566 0.0789 0.0789
1 0.2237 0.5641 0.1151 0.1151
2 0.8618 0.3454 0.0822 0.0822
2 0.2229 0.8931 0.0740 0.0724
2 0.2122 0.2582 0.0888 0.0855
3 0.7714 0.2319 0.0691 0.0757
3 0.6694 0.8240 0.1053 0.1118
3 0.6990 0.3470 0.0888 0.0822
4 0.2286 0.1209 0.0757 0.0740
4 0.6414 0.6110 0.1053 0.1069
4 0.8725 0.8166 0.0773 0.0773
5 0.3676 0.8808 0.1135 0.1234
5 0.5189 0.8528 0.1036 0.1069
5 0.1571 0.4301 0.0707 0.0707
6 0.1390 0.7097 0.0806 0.1168
6 0.7706 0.7031 0.1036 0.1332
6 0.8873 0.1012 0.0740 0.1168
