0 0.3914 0.3660 0.0954 0.0938
0 0.6283 0.1785 0.0987 0.0872
0 0.7862 0.3643 0.0691 0.0641
1 0.8207 0.6283 0.0954 0.0954
1 0.3651 0.1480 0.1151 0.1151
1 0.6332 0.8980 0.0888 0.0888
2 0.5600 0.3339 0.0812 0.0822
2 0.1834 0.3939 0.1168 0.1168
2 0.1250 0.1431 0.0658 0.0658
3 0.1842 0.2648 0.0954 0.1020
3 0.4161 0.6086 0.0724 0.0691
3 0.3051 0.7336 0.0812 0.0691
4 0.6201 0.5238 0.0921 0.0938
4 0.1258 0.8470 0.1168 0.1151
4 0.8166 0.8347 0.0773 0.0773
5 0.3035 0.5387 0.0839 0.0812
5 0.0995 0.6554 0.1201 0.1299
5 0.4745 0.7673 0.0905 0.0872
6 0.7804 0.1768 0.0839 0.1135
6 0.8939 0.2755 0.1135 0.0970
6 0.4975 0.1373 0.1234 0.0872
