0 0.4285 0.2747 0.0707 0.0789
0 0.2344 0.6283 0.0674 0.0789
0 0.2467 0.8174 0.0888 0.0855
1 0.4260 0.6941 0.0724 0.0724
1 0.6201 0.6513 0.0658 0.0658
1 0.6595 0.7829 0.1217 0.1217
2 0.8873 0.5395 0.0812 0.0822
2 0.2327 0.4729 0.0740 0.0707
2 0.4753 0.1480 0.0921 0.0888
3 0.6464 0.2632 0.0691 0.0658
3 0.8059 0.2862 0.1184 0.1086
3 0.8586 0.8832 0.1217 0.1250
4 0.6143 0.4877 0.1069 0.1069
4 0.4778 0.5140 0.1069 0.1069
4 0.3388 0.1299 0.1053 0.1020
5 0.3956 0.8890 0.1003 0.1003
5 0.0995 0.1653 0.1069 0.1069
5 0.6406 0.1094 0.1003 0.1003
6 0.2410 0.2771 0.0938 0.1168
6 0.7311 0.4021 0.0905 0.1266
6 0.8923 0.1127 0.0970 0.1332
