0 0.6604 0.6316 0.0543 0.0658
0 0.3372 0.6365 0.1053 0.1020
0 0.8988 0.7549 0.0707 0.0625
1 0.7467 0.4539 0.0691 0.0691
1 0.1266 0.5263 0.0658 0.0658
1 0.7862 0.3059 0.1217 0.1217
2 0.3980 0.3832 0.0757 0.0757
2 0.6933 0.8577 0.0970 0.0970
2 0.6957 0.2064 0.1184 0.1201
3 0.1464 0.2747 0.1184 0.1316
3 0.1941 0.8306 0.0658 0.0691
3 0.6151 0.3174 0.1250 0.1184
4 0.8923 0.5576 0.0707 0.0724
4 0.8684 0.0970 0.0954 0.0921
4 0.3174 0.1859 0.0822 0.0855
5 0.4893 0.8972 0.0812 0.0812
5 0.2689 0.4005 0.1036 0.1102
5 0.1637 0.6834 0.1201 0.1168
6 0.4827 0.5551 0.1234 0.1003
6 0.4613 0.1275 0.1102 0.1069
6 0.4416 0.7377 0.0773 0.0905
