0 0.6817 0.3043 0.1069 0.1020
0 0.5148 0.3495 0.0757 0.0707
0 0.3339 0.6118 0.0954 0.0888
1 0.2336 0.7763 0.1118 0.1118
1 0.7993 0.0987 0.0921 0.0921
1 0.8158 0.5938 0.0921 0.0921
2 0.5214 0.7911 0.0987 0.0954
2 0.1620 0.3635 0.0812 0.0757
2 0.2837 0.2048 0.1069 0.1069
3 0.2961 0.4424 0.1250 0.1217
3 0.4095 0.1316 0.1316 0.1250
3 0.1234 0.8684 0.1151 0.1217
4 0.7878 0.4605 0.0987 0.0954
4 0.6505 0.4803 0.0938 0.0921
4 0.6505 0.6505 0.0740 0.0740
5 0.8446 0.3265 0.0773 0.0740
5 0.7722 0.8840 0.1036 0.1102
5 0.3988 0.2936 0.1234 0.1234
6 0.1472 0.2294 0.0707 0.0938
6 0.1817 0.6110 0.0970 0.1069
6 0.3709 0.8462 0.1003 0.1135
