0 0.5025 0.4877 0.0938 0.1003
0 0.6349 0.7681 0.0691 0.0757
0 0.3405 0.2048 0.1086 0.1036
1 0.1086 0.1398 0.1086 0.1086
1 0.3980 0.7730 0.0789 0.0789
1 0.7878 0.8569 0.0822 0.0822
2 0.7780 0.1291 0.0954 0.0938
2 0.2977 0.3405 0.0855 0.0888
2 0.2039 0.4975 0.0724 0.0707
3 0.5263 0.3174 0.0954 0.0921
3 0.5428 0.6266 0.0757 0.0724
3 0.1168 0.3372 0.1020 0.0954
4 0.1875 0.7475 0.1283 0.1299
4 0.7500 0.3536 0.0954 0.0921
4 0.8758 0.7262 0.1266 0.1299
5 0.5403 0.1801 0.0970 0.0970
5 0.4992 0.8972 0.0872 0.0905
5 0.1439 0.8890 0.1201 0.1135
6 0.8824 0.3331 0.1201 0.0812
6 0.8857 0.5337 0.1069 0.1234
6 0.7327 0.6275 0.1168 0.1168
