0 0.3487 0.2566 0.0691 0.0789
0 0.8273 0.6933 0.0921 0.0872
0 0.5312 0.1571 0.0954 0.0872
1 0.3413 0.8849 0.0773 0.0757
1 0.3207 0.6809 0.0888 0.0888
1 0.1431 0.8651 0.1250 0.1250
2 0.5789 0.6801 0.0888 0.0872
2 0.1883 0.1571 0.1234 0.1266
2 0.8413 0.5461 0.1201 0.1184
3 0.4227 0.5230 0.0757 0.0691
3 0.6743 0.4309 0.1217 0.1316
3 0.5658 0.3109 0.0855 0.0888
4 0.4219 0.3602 0.1036 0.1086
4 0.8117 0.8413 0.0938 0.0938
4 0.8035 0.1850 0.0806 0.0806
5 0.8939 0.3824 0.0773 0.0740
5 0.1933 0.4169 0.1201 0.1201
5 0.1735 0.6982 0.0938 0.0905
6 0.4005 0.1275 0.0806 0.1135
6 0.1390 0.5683 0.0938 0.0970
6 0.5946 0.8775 0.0872 0.1168
