0 0.7928 0.4975 0.0724 0.0806
0 0.6423 0.3692 0.1069 0.0970
0 0.2541 0.1900 0.0641 0.0576
1 0.1382 0.6464 0.0921 0.0921
1 0.2286 0.3799 0.1020 0.1020
1 0.8668 0.6842 0.1250 0.1250
2 0.3109 0.8421 0.0954 0.0921
2 0.5041 0.5658 0.0905 0.0921
2 0.1209 0.8512 0.0674 0.0707
3 0.3997 0.4901 0.0724 0.0691
3 0.6842 0.8569 0.1316 0.1283
3 0.5822 0.2352 0.1151 0.1118
4 0.3577 0.3487 0.1234 0.1217
4 0.5789 0.7081 0.0789 0.0773
4 0.4359 0.1711 0.0954 0.0921
5 0.4400 0.6900 0.0707 0.0806
5 0.7081 0.1719 0.1102 0.1135
5 0.4959 0.8561 0.1201 0.1135
6 0.8972 0.2854 0.0839 0.1036
6 0.8627 0.1061 0.0773 0.1266
6 0.6620 0.5238 0.0872 0.1201
