0 0.7368 0.3766 0.0888 0.0987
0 0.8643 0.5995 0.0872 0.0872
0 0.7632 0.8479 0.0724 0.0773
1 0.3750 0.2566 0.0855 0.0855
1 0.2599 0.4161 0.0822 0.0822
1 0.5066 0.2845 0.0987 0.0987
2 0.5691 0.8322 0.0954 0.0987
2 0.4663 0.7015 0.0707 0.0740
2 0.2377 0.1530 0.0872 0.0921
3 0.6776 0.6480 0.0658 0.0724
3 0.3553 0.5345 0.0987 0.0888
3 0.3734 0.1217 0.1086 0.1184
4 0.1998 0.7623 0.1299 0.1266
4 0.5452 0.1225 0.0740 0.0740
4 0.7113 0.1752 0.0905 0.0905
5 0.1258 0.2706 0.1102 0.1135
5 0.1110 0.6472 0.0839 0.0872
5 0.5567 0.4433 0.0938 0.1069
6 0.4120 0.8544 0.1299 0.1102
6 0.8561 0.1653 0.0905 0.0812
6 0.9005 0.3923 0.1135 0.1332
