0 0.6431 0.3331 0.0987 0.1102
0 0.7640 0.6266 0.0839 0.0855
0 0.5938 0.6390 0.0954 0.1036
1 0.2566 0.8059 0.1020 0.1020
1 0.1891 0.1036 0.1086 0.1086
1 0.5214 0.2944 0.0724 0.0724
2 0.2319 0.6645 0.1151 0.1086
2 0.8429 0.4252 0.0905 0.0905
2 0.1143 0.4408 0.1168 0.1151
3 0.6727 0.8010 0.1086 0.0987
3 0.8306 0.7961 0.0822 0.0789
3 0.4408 0.8914 0.0822 0.0789
4 0.5962 0.4745 0.1168 0.1135
4 0.1061 0.8799 0.1299 0.1283
4 0.2599 0.3660 0.1053 0.1069
5 0.3725 0.1456 0.0806 0.0740
5 0.8363 0.2426 0.1102 0.1168
5 0.6538 0.1176 0.0806 0.0839
6 0.2771 0.5288 0.0806 0.1201
6 0.3758 0.6192 0.1299 0.0839
6 0.4465 0.4317 0.1069 0.0839
