0 0.6357 0.2993 0.0839 0.0921
0 0.7253 0.2163 0.0559 0.0609
0 0.1883 0.4548 0.0970 0.1069
1 0.6891 0.4622 0.1250 0.1250
1 0.7352 0.8289 0.1053 0.1053
1 0.3421 0.8520 0.0822 0.0822
2 0.4523 0.5058 0.0987 0.0970
2 0.3972 0.6456 0.0806 0.0773
2 0.1752 0.1530 0.0905 0.0855
3 0.6020 0.6908 0.0724 0.0757
3 0.4260 0.2484 0.0691 0.0691
3 0.2188 0.3076 0.1086 0.1118
4 0.5312 0.8561 0.0757 0.0740
4 0.1850 0.6694 0.1201 0.1184
4 0.8791 0.5354 0.1266 0.1299
5 0.8314 0.3495 0.1201 0.1266
5 0.1225 0.7854 0.0839 0.0905
5 0.4778 0.1258 0.1234 0.1201
6 0.3298 0.1028 0.1102 0.0872
6 0.5074 0.3627 0.1299 0.1003
6 0.8117 0.6817 0.0872 0.0905
