0 0.8495 0.6275 0.0609 0.0674
0 0.6316 0.3109 0.0888 0.0888
0 0.4350 0.8536 0.0938 0.1020
1 0.3026 0.7336 0.0658 0.0658
1 0.3339 0.4145 0.1184 0.1184
1 0.1332 0.5312 0.0921 0.0921
2 0.6234 0.6102 0.1086 0.1151
2 0.4910 0.2368 0.1036 0.1086
2 0.1661 0.3873 0.0757 0.0740
3 0.5066 0.7056 0.0954 0.0855
3 0.1020 0.8331 0.1020 0.1168
3 0.7961 0.8668 0.0658 0.0691
4 0.8183 0.2081 0.0839 0.0839
4 0.6472 0.8512 0.0674 0.0674
4 0.2788 0.5929 0.0970 0.0970
5 0.8018 0.4679 0.1201 0.1332
5 0.6406 0.4482 0.1036 0.0970
5 0.4712 0.4975 0.0806 0.0905
6 0.1521 0.6850 0.0806 0.1069
6 0.1883 0.1785 0.0938 0.1036
6 0.2738 0.8742 0.1069 0.1266
