0 0.7738 0.6135 0.1168 0.1020
0 0.8215 0.8594 0.0938 0.0938
0 0.6192 0.6406 0.0773 0.0806
1 0.5658 0.3651 0.1151 0.1151
1 0.1727 0.6382 0.0691 0.0691
1 0.8306 0.1497 0.0822 0.0822
2 0.1464 0.4877 0.0789 0.0773
2 0.3051 0.2615 0.1201 0.1184
2 0.2812 0.1110 0.0855 0.0905
3 0.2056 0.8224 0.1283 0.1217
3 0.2763 0.5197 0.0855 0.0789
3 0.3816 0.6809 0.1053 0.0987
4 0.6562 0.1299 0.0691 0.0724
4 0.4679 0.5477 0.1266 0.1250
4 0.4038 0.3816 0.1102 0.1151
5 0.4630 0.8627 0.0839 0.0839
5 0.8840 0.3396 0.0938 0.0872
5 0.7245 0.4350 0.0905 0.0905
6 0.5732 0.7854 0.1135 0.0839
6 0.4482 0.1653 0.1003 0.1332
6 0.7525 0.3051 0.0773 0.1299
