0 0.3405 0.2377 0.0757 0.0839
0 0.6875 0.5304 0.0888 0.0839
0 0.3396 0.6998 0.1003 0.1135
1 0.7319 0.3750 0.0855 0.0855
1 0.8914 0.3569 0.1184 0.1184
1 0.5362 0.4622 0.0888 0.0888
2 0.6949 0.1439 0.1234 0.1201
2 0.8470 0.1711 0.0954 0.0987
2 0.6875 0.7344 0.1020 0.0970
3 0.4490 0.7944 0.0921 0.1020
3 0.5444 0.2599 0.0987 0.1020
3 0.2862 0.5625 0.0789 0.0789
4 0.2163 0.4268 0.1266 0.1234
4 0.7977 0.8964 0.0987 0.0954
4 0.1390 0.6883 0.0839 0.0839
5 0.4564 0.5814 0.0905 0.0905
5 0.8347 0.6653 0.0905 0.0938
5 0.2459 0.8923 0.1036 0.1102
6 0.4120 0.3873 0.0740 0.1234
6 0.0995 0.3380 0.1201 0.1036
6 0.1554 0.1933 0.1266 0.0970
