0 0.2812 0.3010 0.0921 0.0987
0 0.7294 0.1283 0.0839 0.0921
0 0.5609 0.6620 0.0757 0.0872
1 0.1497 0.1776 0.1118 0.1118
1 0.3931 0.6464 0.0921 0.0921
1 0.6957 0.7533 0.0691 0.0691
2 0.2393 0.5888 0.0872 0.0888
2 0.4556 0.1990 0.1086 0.1053
2 0.1258 0.8947 0.1003 0.1053
3 0.7928 0.4161 0.1217 0.1151
3 0.1332 0.3207 0.1086 0.1118
3 0.4753 0.3684 0.1151 0.1217
4 0.8775 0.7944 0.1201 0.1184
4 0.7410 0.6028 0.1266 0.1299
4 0.3569 0.4260 0.0888 0.0921
5 0.5683 0.8923 0.0707 0.0773
5 0.8956 0.2048 0.0970 0.1069
5 0.2426 0.7410 0.0905 0.0938
6 0.6456 0.3561 0.1036 0.1168
6 0.4663 0.5271 0.1168 0.1003
6 0.1061 0.6900 0.0872 0.1069
