0 0.8931 0.8882 0.1020 0.0987
0 0.3692 0.4770 0.1102 0.1053
0 0.5724 0.2656 0.0658 0.0674
1 0.7714 0.6776 0.1151 0.1151
1 0.2368 0.8470 0.1053 0.1053
1 0.1974 0.4885 0.0625 0.0625
2 0.7656 0.5271 0.0839 0.0872
2 0.5683 0.5016 0.0773 0.0789
2 0.3380 0.6801 0.1102 0.1069
3 0.4112 0.8438 0.0757 0.0789
3 0.6077 0.8273 0.1266 0.1118
3 0.3339 0.3536 0.0954 0.0987
4 0.5929 0.1299 0.0707 0.0724
4 0.1003 0.1801 0.1283 0.1299
4 0.7977 0.3816 0.0954 0.0921
5 0.1785 0.3314 0.0905 0.0938
5 0.8248 0.1456 0.1036 0.1135
5 0.2064 0.7146 0.0872 0.0740
6 0.3117 0.1209 0.1135 0.1036
6 0.5271 0.6357 0.1201 0.0839
6 0.4630 0.1012 0.0872 0.0773
