0 0.2179 0.8873 0.0773 0.0839
0 0.4630 0.8438 0.0740 0.0822
0 0.3273 0.2368 0.1020 0.1053
1 0.7862 0.6447 0.0789 0.0789
1 0.6743 0.2500 0.0921 0.0921
1 0.2056 0.6678 0.0757 0.0757
2 0.6546 0.4589 0.0789 0.0789
2 0.5230 0.4597 0.1217 0.1168
2 0.3495 0.7475 0.0740 0.0707
3 0.5115 0.2368 0.1283 0.1184
3 0.8832 0.7944 0.0724 0.0757
3 0.6250 0.7944 0.1053 0.1020
4 0.6258 0.6324 0.0872 0.0872
4 0.1036 0.8355 0.0822 0.0855
4 0.1850 0.4926 0.1266 0.1299
5 0.2245 0.1538 0.0970 0.1036
5 0.1176 0.3248 0.1102 0.1168
5 0.6488 0.1077 0.0872 0.0812
6 0.8084 0.4285 0.0938 0.1266
6 0.8232 0.1275 0.1036 0.0812
6 0.4285 0.5535 0.1201 0.1234
