0 0.2212 0.2763 0.0773 0.0658
0 0.1127 0.4539 0.0740 0.0724
0 0.3470 0.7919 0.0592 0.0609
1 0.3898 0.5345 0.1316 0.1316
1 0.6447 0.7138 0.0954 0.0954
1 0.4194 0.1398 0.1086 0.1086
2 0.1817 0.8857 0.1036 0.1036
2 0.4597 0.3215 0.0773 0.0740
2 0.6817 0.2188 0.0812 0.0757
3 0.6678 0.4441 0.1184 0.1250
3 0.8109 0.4786 0.1316 0.1184
3 0.5000 0.7664 0.0724 0.0724
4 0.5921 0.5641 0.0789 0.0757
4 0.1143 0.1053 0.1266 0.1250
4 0.8594 0.6850 0.1069 0.1069
5 0.8133 0.8199 0.1266 0.1332
5 0.3035 0.4285 0.1168 0.1168
5 0.1933 0.5617 0.0773 0.0812
6 0.8610 0.3446 0.1102 0.1102
6 0.1488 0.7574 0.0938 0.1168
6 0.6308 0.1012 0.1266 0.0970
