0 0.6127 0.2697 0.0938 0.1118
0 0.6456 0.8577 0.0938 0.0905
0 0.8857 0.3956 0.0609 0.0576
1 0.5641 0.7582 0.0724 0.0724
1 0.6562 0.4638 0.1283 0.1283
1 0.5411 0.3914 0.1316 0.1316
2 0.0954 0.4367 0.0855 0.0905
2 0.7492 0.6974 0.0812 0.0757
2 0.2615 0.4556 0.1020 0.1053
3 0.8734 0.8734 0.0822 0.0855
3 0.4013 0.7599 0.0987 0.1086
3 0.1398 0.5839 0.1020 0.1086
4 0.3692 0.2508 0.1003 0.1003
4 0.1957 0.3405 0.0954 0.0987
4 0.5510 0.5987 0.0921 0.0888
5 0.7410 0.1571 0.0839 0.0812
5 0.1242 0.1258 0.0905 0.0905
5 0.5288 0.1472 0.0970 0.1069
6 0.4104 0.6225 0.0839 0.1135
6 0.1308 0.8561 0.0905 0.1003
6 0.2722 0.6998 0.0740 0.0938
