0 0.1250 0.3503 0.0625 0.0724
0 0.2426 0.1225 0.0773 0.0812
0 0.8396 0.3446 0.0576 0.0609
1 0.5641 0.4737 0.1184 0.1184
1 0.4178 0.1875 0.1250 0.1250
1 0.5724 0.7911 0.1118 0.1118
2 0.7229 0.7969 0.0707 0.0674
2 0.4235 0.3174 0.0938 0.0888
2 0.3635 0.6118 0.0987 0.0954
3 0.6809 0.6530 0.0789 0.0855
3 0.2500 0.7763 0.1118 0.1118
3 0.5855 0.1628 0.0888 0.0888
4 0.1258 0.6587 0.0707 0.0707
4 0.8586 0.1587 0.0921 0.0938
4 0.1554 0.8742 0.1201 0.1234
5 0.8331 0.6604 0.1234 0.1201
5 0.4120 0.9005 0.0812 0.0773
5 0.2738 0.3298 0.0938 0.0905
6 0.5699 0.2985 0.1299 0.1003
6 0.2426 0.4597 0.1201 0.1069
6 0.7081 0.3906 0.0905 0.1234
