0 0.2368 0.4285 0.0592 0.0609
0 0.1127 0.6464 0.0839 0.0888
0 0.7854 0.4021 0.0707 0.0707
1 0.6365 0.7352 0.0691 0.0691
1 0.5132 0.6530 0.0724 0.0724
1 0.7648 0.2138 0.1118 0.1118
2 0.6472 0.5304 0.0839 0.0872
2 0.4613 0.8758 0.0674 0.0641
2 0.4778 0.1094 0.0773 0.0812
3 0.4819 0.3512 0.1053 0.1201
3 0.3339 0.7500 0.1118 0.1053
3 0.1793 0.2862 0.0855 0.0921
4 0.8709 0.8207 0.1069 0.1053
4 0.1044 0.8454 0.1234 0.1217
4 0.6275 0.1275 0.1201 0.1234
5 0.3512 0.1439 0.0740 0.0740
5 0.8100 0.6324 0.1102 0.1102
5 0.1785 0.1192 0.1069 0.1102
6 0.5995 0.2558 0.1299 0.0812
6 0.3906 0.5238 0.1069 0.1234
6 0.6110 0.3890 0.1234 0.1036
