0 0.8446 0.7887 0.1036 0.0970
0 0.2039 0.6694 0.0954 0.1086
0 0.5773 0.3750 0.0855 0.0987
1 0.8158 0.2401 0.1283 0.1283
1 0.5362 0.1595 0.0757 0.0757
1 0.1266 0.5329 0.0921 0.0921
2 0.1941 0.3289 0.1053 0.1118
2 0.3248 0.5543 0.1201 0.1184
2 0.1488 0.8479 0.1201 0.1168
3 0.8816 0.6234 0.1020 0.0987
3 0.7385 0.5510 0.1086 0.1020
3 0.6020 0.8783 0.1053 0.1020
4 0.2697 0.1423 0.1250 0.1266
4 0.6192 0.6957 0.1003 0.0987
4 0.3150 0.4161 0.0740 0.0757
5 0.4301 0.7936 0.0773 0.0740
5 0.4942 0.5452 0.1234 0.1266
5 0.6949 0.2952 0.1102 0.1102
6 0.1028 0.1637 0.1069 0.1168
6 0.3939 0.2952 0.1036 0.1102
6 0.3084 0.7360 0.1135 0.1135
