0 0.7410 0.6776 0.1135 0.1118
0 0.5855 0.1365 0.0691 0.0822
0 0.5222 0.4688 0.1003 0.0954
1 0.1003 0.7286 0.1217 0.1217
1 0.2467 0.8026 0.0757 0.0757
1 0.3832 0.5872 0.0658 0.0658
2 0.1768 0.3306 0.1234 0.1184
2 0.4679 0.7410 0.0707 0.0674
2 0.6234 0.8840 0.0888 0.0938
3 0.4868 0.2155 0.0822 0.0724
3 0.7303 0.5362 0.0757 0.0789
3 0.3586 0.4293 0.0855 0.0822
4 0.1192 0.5658 0.0740 0.0757
4 0.2829 0.2270 0.1020 0.1053
4 0.7590 0.3750 0.0707 0.0724
5 0.8791 0.6505 0.0839 0.0938
5 0.4827 0.8758 0.0839 0.0773
5 0.8544 0.1439 0.0839 0.0872
6 0.7081 0.2492 0.0905 0.0839
6 0.3956 0.1176 0.1069 0.1102
6 0.7903 0.8150 0.1003 0.1266
