0 0.1349 0.2270 0.0954 0.0855
0 0.5066 0.3355 0.0757 0.0658
0 0.1678 0.6949 0.0724 0.0740
1 0.4622 0.1184 0.1053 0.1053
1 0.1908 0.8980 0.0691 0.0691
1 0.7336 0.3717 0.0691 0.0691
2 0.3314 0.7048 0.1135 0.1168
2 0.2870 0.4465 0.1168 0.1135
2 0.8627 0.5090 0.0641 0.0674
3 0.6579 0.5000 0.0987 0.0954
3 0.4408 0.8553 0.1118 0.1217
3 0.8980 0.8141 0.1086 0.1086
4 0.7220 0.6488 0.1086 0.1102
4 0.3298 0.1053 0.0970 0.0954
4 0.6998 0.2311 0.0773 0.0773
5 0.4975 0.5354 0.0812 0.0872
5 0.1143 0.3906 0.1102 0.1102
5 0.7410 0.8873 0.1135 0.1168
6 0.6406 0.7837 0.0839 0.0812
6 0.5814 0.6423 0.0872 0.1102
6 0.7574 0.1077 0.1003 0.0812
