0 0.2812 0.1431 0.0789 0.0691
0 0.7911 0.3487 0.0921 0.1020
0 0.6283 0.5526 0.0921 0.1053
1 0.2253 0.7895 0.0987 0.0987
1 0.3717 0.5921 0.1086 0.1086
1 0.1168 0.5230 0.1217 0.1217
2 0.3923 0.2179 0.1135 0.1102
2 0.4803 0.4276 0.0954 0.0921
2 0.5493 0.8174 0.0987 0.0954
3 0.8289 0.8849 0.0987 0.1020
3 0.7188 0.6382 0.0987 0.0987
3 0.8734 0.5609 0.1053 0.1151
4 0.6390 0.3191 0.1069 0.1053
4 0.6801 0.8281 0.1069 0.1069
4 0.7311 0.1834 0.0938 0.0938
5 0.3396 0.3544 0.1332 0.1332
5 0.1472 0.1242 0.0806 0.0839
5 0.8791 0.1900 0.0872 0.0872
6 0.3479 0.7344 0.0970 0.1168
6 0.4959 0.6554 0.1201 0.1168
6 0.1834 0.6423 0.0806 0.1069
