0 0.2368 0.1678 0.0691 0.0757
0 0.6283 0.4433 0.0592 0.0609
0 0.1521 0.6497 0.0543 0.0658
1 0.6447 0.8668 0.0789 0.0789
1 0.7911 0.3816 0.0888 0.0888
1 0.8569 0.1678 0.0625 0.0625
2 0.1127 0.5066 0.0905 0.0921
2 0.3832 0.7023 0.0954 0.0987
2 0.5946 0.7368 0.1069 0.1118
3 0.7632 0.7796 0.0921 0.0855
3 0.8092 0.6513 0.0921 0.0954
3 0.5000 0.2023 0.1217 0.1086
4 0.6776 0.5699 0.0691 0.0674
4 0.6686 0.1521 0.0905 0.0905
4 0.3421 0.2377 0.1053 0.1069
5 0.2558 0.4186 0.1234 0.1332
5 0.3446 0.5255 0.1168 0.1168
5 0.2821 0.8791 0.0740 0.0872
6 0.4367 0.8873 0.0970 0.1168
6 0.4663 0.5929 0.1003 0.0740
6 0.1735 0.3100 0.0938 0.1201
