0 0.6505 0.1316 0.0872 0.0921
0 0.6118 0.6834 0.0724 0.0740
0 0.6414 0.8199 0.1020 0.1036
1 0.1299 0.3306 0.1086 0.1086
1 0.2352 0.1678 0.1020 0.1020
1 0.5444 0.5674 0.0592 0.0592
2 0.2007 0.5214 0.1151 0.1118
2 0.6242 0.3799 0.1168 0.1151
2 0.4087 0.4860 0.1036 0.1003
3 0.2944 0.8980 0.0822 0.0757
3 0.4671 0.7056 0.1086 0.1118
3 0.7648 0.6299 0.0691 0.0724
4 0.8758 0.1817 0.1299 0.1266
4 0.8215 0.8635 0.1036 0.1020
4 0.2681 0.3520 0.0954 0.0921
5 0.1192 0.6752 0.0872 0.0872
5 0.5436 0.2541 0.0970 0.1036
5 0.8380 0.3676 0.0872 0.0905
6 0.2919 0.6406 0.1102 0.1036
6 0.4120 0.1965 0.1069 0.1266
6 0.8808 0.4942 0.0970 0.1168
