0 0.2977 0.7204 0.0789 0.0691
0 0.3265 0.2681 0.1036 0.1151
0 0.6447 0.8512 0.0822 0.0812
1 0.7089 0.3355 0.1283 0.1283
1 0.3651 0.4178 0.0691 0.0691
1 0.1645 0.4984 0.0757 0.0757
2 0.8586 0.6957 0.1020 0.1053
2 0.5970 0.5156 0.0789 0.0839
2 0.5016 0.6316 0.0789 0.0757
3 0.8240 0.4046 0.0954 0.0921
3 0.4770 0.1661 0.1053 0.0987
3 0.6678 0.1135 0.0921 0.0855
4 0.1151 0.1817 0.1184 0.1201
4 0.1686 0.8470 0.1135 0.1118
4 0.5831 0.2508 0.1266 0.1234
5 0.7722 0.8035 0.1102 0.1168
5 0.8643 0.2130 0.0905 0.0905
5 0.4959 0.8248 0.1069 0.1102
6 0.1456 0.3248 0.0812 0.0938
6 0.7031 0.6505 0.0773 0.1332
6 0.3002 0.1242 0.1135 0.0773
