0 0.7113 0.8816 0.0839 0.0921
0 0.3322 0.2368 0.1118 0.1020
0 0.7401 0.6184 0.0757 0.0658
1 0.2138 0.8322 0.0625 0.0625
1 0.1036 0.4260 0.1020 0.1020
1 0.7467 0.3339 0.0987 0.0987
2 0.3651 0.8010 0.0789 0.0789
2 0.7878 0.1628 0.0658 0.0658
2 0.5312 0.4293 0.0888 0.0921
3 0.3059 0.6332 0.0921 0.0888
3 0.5938 0.1365 0.1217 0.1250
3 0.2188 0.1234 0.0921 0.0954
4 0.6135 0.2788 0.0888 0.0905
4 0.5535 0.8446 0.1168 0.1168
4 0.5979 0.6817 0.1299 0.1266
5 0.4762 0.1949 0.0839 0.0773
5 0.2344 0.3594 0.1168 0.1168
5 0.5173 0.5666 0.0773 0.0773
6 0.1587 0.6308 0.1168 0.1266
6 0.8676 0.6768 0.0740 0.1266
6 0.8544 0.8660 0.1234 0.1003
