0 0.7484 0.4301 0.0724 0.0641
0 0.8857 0.4918 0.0970 0.0921
0 0.5913 0.2113 0.0576 0.0609
1 0.2911 0.1941 0.1086 0.1086
1 0.5938 0.5707 0.1184 0.1184
1 0.4276 0.7928 0.0625 0.0625
2 0.6817 0.6752 0.0740 0.0773
2 0.5222 0.8857 0.1234 0.1201
2 0.2961 0.8602 0.0789 0.0822
3 0.4605 0.3405 0.0888 0.0921
3 0.3914 0.5345 0.0987 0.1053
3 0.1661 0.6003 0.1283 0.1217
4 0.2171 0.4605 0.0921 0.0954
4 0.4622 0.1094 0.1217 0.1234
4 0.7113 0.8660 0.0674 0.0674
5 0.8199 0.1587 0.1266 0.1234
5 0.8248 0.7854 0.1036 0.1168
5 0.1472 0.7689 0.1234 0.1299
6 0.3331 0.6702 0.1234 0.0812
6 0.6291 0.3396 0.1201 0.1003
6 0.1521 0.3018 0.1168 0.1069
