0 0.6497 0.5839 0.0921 0.0822
0 0.3684 0.5789 0.0921 0.0855
0 0.7812 0.7903 0.0987 0.0872
1 0.8191 0.2549 0.0691 0.0691
1 0.6151 0.2270 0.0822 0.0822
1 0.7648 0.4178 0.0954 0.0954
2 0.2336 0.6003 0.0855 0.0822
2 0.2401 0.2319 0.0691 0.0691
2 0.3668 0.1793 0.1020 0.1053
3 0.1694 0.8372 0.1283 0.1316
3 0.5477 0.3849 0.1250 0.1217
3 0.5197 0.7319 0.0921 0.0855
4 0.1225 0.3462 0.0970 0.0970
4 0.2410 0.4276 0.0674 0.0691
4 0.4885 0.8832 0.0921 0.0954
5 0.8906 0.0995 0.1102 0.1036
5 0.1324 0.1456 0.1299 0.1332
5 0.3956 0.3857 0.1266 0.1135
6 0.3232 0.8775 0.0938 0.1201
6 0.8840 0.4860 0.1135 0.1102
6 0.1192 0.6817 0.0970 0.1234
