0 0.1406 0.3322 0.0641 0.0625
0 0.2804 0.1965 0.0806 0.0740
0 0.8725 0.6571 0.0707 0.0707
1 0.7188 0.7664 0.0724 0.0724
1 0.4507 0.6530 0.0987 0.0987
1 0.8125 0.2303 0.1086 0.1086
2 0.1645 0.7714 0.1086 0.1151
2 0.6316 0.4235 0.0888 0.0839
2 0.8355 0.4326 0.0822 0.0822
3 0.1464 0.1036 0.1283 0.1151
3 0.2023 0.4951 0.1316 0.1283
3 0.2977 0.7368 0.0954 0.0987
4 0.5206 0.7903 0.0938 0.0938
4 0.4391 0.4211 0.0987 0.0954
4 0.6414 0.8824 0.0691 0.0674
5 0.5370 0.1653 0.0872 0.0905
5 0.6538 0.6192 0.0905 0.0839
5 0.1998 0.9005 0.0806 0.0839
6 0.5304 0.5321 0.0740 0.1299
6 0.4235 0.2623 0.1003 0.1036
6 0.3363 0.5650 0.0707 0.1168
