0 0.5592 0.1735 0.0757 0.0707
0 0.8791 0.8808 0.0872 0.0812
0 0.7410 0.6275 0.0609 0.0674
1 0.2188 0.6497 0.0822 0.0822
1 0.6974 0.4243 0.1184 0.1184
1 0.4901 0.7204 0.0724 0.0724
2 0.3734 0.2031 0.1118 0.1135
2 0.3536 0.6571 0.1217 0.1234
2 0.6957 0.2755 0.0757 0.0740
3 0.2286 0.2319 0.0691 0.0658
3 0.5345 0.3898 0.0921 0.0987
3 0.1711 0.7829 0.1283 0.1151
4 0.8388 0.1702 0.1184 0.1201
4 0.1916 0.0987 0.1234 0.1217
4 0.5872 0.5896 0.1086 0.1102
5 0.7048 0.8594 0.0970 0.0872
5 0.8594 0.5238 0.0812 0.0707
5 0.2738 0.3758 0.0740 0.0740
6 0.4087 0.8906 0.1036 0.1003
6 0.8956 0.3512 0.0812 0.0938
6 0.4137 0.4762 0.0938 0.1234
