0 0.8396 0.7023 0.1003 0.0954
0 0.1727 0.1768 0.1053 0.1036
0 0.3586 0.8882 0.0921 0.1020
1 0.3553 0.4178 0.1184 0.1184
1 0.7812 0.5115 0.0954 0.0954
1 0.8832 0.8832 0.0625 0.0625
2 0.3849 0.2155 0.1118 0.1053
2 0.4926 0.7434 0.0812 0.0757
2 0.6949 0.1768 0.0740 0.0773
3 0.6628 0.3174 0.1020 0.1118
3 0.4276 0.5296 0.1020 0.0987
3 0.6891 0.8026 0.0822 0.0855
4 0.1324 0.5831 0.1201 0.1234
4 0.8372 0.1965 0.0724 0.0707
4 0.6036 0.5049 0.0888 0.0855
5 0.8923 0.3840 0.1036 0.0970
5 0.5370 0.1373 0.0872 0.0812
5 0.5222 0.3183 0.0970 0.1036
6 0.1373 0.7393 0.0872 0.0970
6 0.1735 0.8709 0.0812 0.1266
6 0.3347 0.7048 0.0740 0.1266
