0 0.4021 0.5847 0.0707 0.0609
0 0.7985 0.4350 0.0576 0.0641
0 0.1234 0.2056 0.0855 0.0822
1 0.5296 0.8931 0.1086 0.1086
1 0.1431 0.4161 0.0658 0.0658
1 0.8947 0.6612 0.0658 0.0658
2 0.3141 0.4465 0.0822 0.0812
2 0.8956 0.1505 0.0740 0.0773
2 0.4317 0.3512 0.0674 0.0707
3 0.5411 0.6661 0.0691 0.0724
3 0.5625 0.4589 0.1151 0.1086
3 0.6151 0.7928 0.0691 0.0724
4 0.2919 0.1702 0.1168 0.1201
4 0.2993 0.7796 0.0822 0.0855
4 0.7804 0.5724 0.0674 0.0691
5 0.8347 0.8363 0.1168 0.1168
5 0.7393 0.2262 0.0905 0.0839
5 0.5567 0.3133 0.0839 0.0812
6 0.4663 0.2113 0.1201 0.0872
6 0.1044 0.7426 0.1069 0.1168
6 0.8972 0.3314 0.0872 0.1135
