0 0.2525 0.7681 0.0674 0.0625
0 0.6637 0.2599 0.1036 0.1118
0 0.8709 0.3092 0.1069 0.1053
1 0.4128 0.2467 0.1316 0.1316
1 0.2056 0.1826 0.1086 0.1086
1 0.3766 0.4819 0.1020 0.1020
2 0.8183 0.8322 0.0707 0.0691
2 0.7031 0.4605 0.0812 0.0822
2 0.4794 0.6324 0.1036 0.1036
3 0.5263 0.4967 0.1316 0.1250
3 0.7533 0.7138 0.1184 0.1316
3 0.3553 0.8668 0.0855 0.0888
4 0.2113 0.6160 0.0970 0.0970
4 0.1143 0.2977 0.1003 0.0987
4 0.5658 0.1118 0.0921 0.0954
5 0.2887 0.3791 0.0707 0.0812
5 0.6637 0.5880 0.1234 0.1234
5 0.7640 0.1505 0.1266 0.1168
6 0.1472 0.8544 0.0872 0.1266
6 0.5518 0.8758 0.1201 0.0970
6 0.3462 0.1225 0.0773 0.1069
