0 0.6184 0.3306 0.0855 0.0987
0 0.6102 0.6086 0.1020 0.1118
0 0.2237 0.6225 0.0592 0.0674
1 0.2056 0.7549 0.1086 0.1086
1 0.8766 0.5888 0.1316 0.1316
1 0.8026 0.3174 0.0855 0.0855
2 0.5247 0.2270 0.1020 0.0987
2 0.2706 0.1998 0.1234 0.1266
2 0.3051 0.4482 0.1069 0.1102
3 0.1266 0.1513 0.0921 0.0888
3 0.3849 0.1349 0.1118 0.1151
3 0.4803 0.5938 0.0789 0.0822
4 0.1118 0.2911 0.1053 0.1020
4 0.8133 0.1752 0.0740 0.0740
4 0.3939 0.7804 0.0812 0.0812
5 0.5222 0.4581 0.0938 0.0905
5 0.1669 0.4877 0.0938 0.1003
5 0.2179 0.8890 0.0773 0.0707
6 0.5452 0.8956 0.1266 0.0938
6 0.8051 0.7081 0.0839 0.1102
6 0.8067 0.8479 0.1168 0.0707
