0 0.8914 0.5411 0.0559 0.0625
0 0.6809 0.2714 0.0724 0.0822
0 0.5863 0.3964 0.0707 0.0691
1 0.1941 0.7812 0.0691 0.0691
1 0.4885 0.7796 0.1217 0.1217
1 0.3470 0.4474 0.0954 0.0954
2 0.2138 0.6127 0.1053 0.1003
2 0.8947 0.3923 0.0691 0.0707
2 0.7442 0.4548 0.0674 0.0707
3 0.8750 0.1316 0.0855 0.0888
3 0.3635 0.2352 0.0724 0.0691
3 0.1554 0.2237 0.0773 0.0691
4 0.6349 0.6702 0.0789 0.0773
4 0.7854 0.7755 0.0872 0.0872
4 0.5033 0.5469 0.0691 0.0674
5 0.2015 0.4679 0.0938 0.0938
5 0.3314 0.7821 0.0812 0.0740
5 0.3627 0.5962 0.0773 0.0740
6 0.4975 0.1061 0.1102 0.0872
6 0.6571 0.8479 0.1036 0.0905
6 0.2689 0.1012 0.1036 0.1135
