0 0.2722 0.4688 0.0872 0.0921
0 0.8314 0.3150 0.0707 0.0609
0 0.4408 0.3643 0.0789 0.0773
1 0.7089 0.6579 0.0757 0.0757
1 0.3964 0.5954 0.0592 0.0592
1 0.2138 0.1184 0.1151 0.1151
2 0.1151 0.2533 0.0757 0.0757
2 0.6637 0.8084 0.1135 0.1102
2 0.5387 0.6184 0.0740 0.0724
3 0.7928 0.4589 0.0822 0.0855
3 0.6628 0.4178 0.0789 0.0757
3 0.3273 0.2516 0.0658 0.0724
4 0.5921 0.2706 0.1118 0.1135
4 0.3668 0.8627 0.1053 0.1069
4 0.0979 0.7451 0.1003 0.0987
5 0.2508 0.6916 0.1299 0.1201
5 0.8775 0.1686 0.0872 0.0938
5 0.7969 0.7788 0.0938 0.0905
6 0.6949 0.1604 0.1003 0.1332
6 0.4613 0.1521 0.0938 0.1102
6 0.1225 0.5041 0.0872 0.1299
