0 0.8454 0.3964 0.0888 0.0822
0 0.6809 0.6538 0.0921 0.0806
0 0.3224 0.2821 0.0789 0.0740
1 0.4260 0.8487 0.0822 0.0822
1 0.7270 0.0987 0.0724 0.0724
1 0.7599 0.8174 0.0724 0.0724
2 0.2163 0.1505 0.0707 0.0674
2 0.1982 0.3380 0.0740 0.0773
2 0.8882 0.2204 0.1118 0.1086
3 0.5584 0.8405 0.1201 0.1053
3 0.5461 0.2401 0.0757 0.0757
3 0.5214 0.6891 0.1184 0.1217
4 0.1809 0.8618 0.0888 0.0855
4 0.1669 0.6357 0.0872 0.0872
4 0.6044 0.5197 0.0674 0.0691
5 0.3594 0.4597 0.1168 0.1135
5 0.3791 0.6258 0.0839 0.0938
5 0.5567 0.0995 0.0872 0.0839
6 0.8676 0.7113 0.1036 0.1036
6 0.1340 0.4712 0.1135 0.0740
6 0.7344 0.3298 0.0970 0.1102
