0 0.5436 0.4794 0.0905 0.1036
0 0.3799 0.3183 0.0789 0.0806
0 0.2327 0.7492 0.0839 0.0773
1 0.2533 0.2336 0.1053 0.1053
1 0.5987 0.7385 0.0954 0.0954
1 0.7714 0.3536 0.1250 0.1250
2 0.6924 0.2385 0.1086 0.1053
2 0.3158 0.5247 0.0954 0.0987
2 0.7969 0.6160 0.0740 0.0773
3 0.4375 0.6332 0.1053 0.1184
3 0.8405 0.8717 0.0855 0.0789
3 0.3273 0.8882 0.0954 0.0888
4 0.8372 0.1291 0.0954 0.0970
4 0.1357 0.1036 0.1135 0.1184
4 0.4811 0.2278 0.1003 0.1003
5 0.4811 0.8923 0.0773 0.0839
5 0.6883 0.8742 0.1069 0.1102
5 0.6900 0.5025 0.1168 0.1168
6 0.8906 0.4416 0.1135 0.0938
6 0.1571 0.4942 0.0905 0.0806
6 0.1390 0.9005 0.0806 0.0905
