0 0.4556 0.8002 0.0987 0.1102
0 0.7442 0.7204 0.1102 0.1020
0 0.7845 0.1538 0.1020 0.1003
1 0.2648 0.4934 0.0691 0.0691
1 0.4671 0.3026 0.1118 0.1118
1 0.8536 0.8257 0.0757 0.0757
2 0.4474 0.1661 0.0987 0.0954
2 0.1604 0.2640 0.1135 0.1102
2 0.7928 0.3380 0.1086 0.1036
3 0.3125 0.8553 0.0789 0.0822
3 0.6020 0.8191 0.0724 0.0724
3 0.1579 0.1283 0.1086 0.1184
4 0.6587 0.3347 0.0839 0.0839
4 0.4120 0.6637 0.0812 0.0812
4 0.6678 0.5428 0.0954 0.0987
5 0.8775 0.4367 0.0740 0.0773
5 0.8857 0.6110 0.1102 0.1234
5 0.2887 0.2327 0.1299 0.1299
6 0.5535 0.4646 0.0839 0.0970
6 0.1521 0.4005 0.1036 0.1266
6 0.1160 0.5847 0.1299 0.1168
