0 0.6349 0.4811 0.0789 0.0674
0 0.2212 0.2015 0.0970 0.1069
0 0.7771 0.5000 0.0938 0.1118
1 0.7730 0.7681 0.0625 0.0625
1 0.4704 0.1711 0.0822 0.0822
1 0.2697 0.5066 0.0789 0.0789
2 0.3651 0.8824 0.0855 0.0905
2 0.8742 0.3224 0.1201 0.1184
2 0.6587 0.2977 0.0872 0.0888
3 0.5132 0.3783 0.1118 0.1217
3 0.8750 0.6776 0.1053 0.0954
3 0.5016 0.8503 0.1184 0.1086
4 0.4054 0.4572 0.1234 0.1217
4 0.7664 0.1373 0.1217 0.1234
4 0.3528 0.6365 0.1266 0.1250
5 0.5715 0.7048 0.0905 0.0905
5 0.1225 0.2788 0.1102 0.1003
5 0.1324 0.4597 0.0806 0.0773
6 0.3577 0.3281 0.1069 0.0806
6 0.2278 0.7475 0.1069 0.0938
6 0.1357 0.6406 0.0740 0.1135
