0 0.1826 0.7640 0.1086 0.1036
0 0.4737 0.6595 0.0987 0.0987
0 0.7113 0.8117 0.0938 0.0806
1 0.5181 0.1184 0.0987 0.0987
1 0.3470 0.4095 0.0954 0.0954
1 0.2599 0.2812 0.0855 0.0855
2 0.6324 0.4942 0.0773 0.0740
2 0.4638 0.4811 0.0789 0.0839
2 0.5000 0.8355 0.1118 0.1086
3 0.8849 0.2796 0.1217 0.1151
3 0.1382 0.1776 0.0921 0.0888
3 0.1826 0.4918 0.0757 0.0822
4 0.5090 0.2780 0.0773 0.0789
4 0.7138 0.6686 0.1020 0.1036
4 0.8684 0.5822 0.1217 0.1217
5 0.7081 0.2969 0.1135 0.1036
5 0.8215 0.4169 0.0773 0.0707
5 0.3150 0.6061 0.0938 0.0872
6 0.6850 0.1275 0.1003 0.1036
6 0.3133 0.1077 0.1332 0.1003
6 0.8495 0.1357 0.0905 0.1332
