0 0.3676 0.2459 0.0707 0.0609
0 0.5641 0.8405 0.0822 0.0789
0 0.5888 0.2648 0.0724 0.0822
1 0.8109 0.4079 0.0954 0.0954
1 0.6859 0.6743 0.1217 0.1217
1 0.1447 0.3964 0.1086 0.1086
2 0.3010 0.4671 0.0691 0.0691
2 0.5099 0.3717 0.0822 0.0789
2 0.1308 0.5559 0.1036 0.1086
3 0.4095 0.6118 0.0954 0.0987
3 0.2730 0.8470 0.1184 0.1118
3 0.7738 0.8865 0.1201 0.1053
4 0.4260 0.1332 0.0921 0.0954
4 0.7072 0.1316 0.0987 0.0954
4 0.4120 0.8429 0.1036 0.1036
5 0.7804 0.5485 0.1102 0.1036
5 0.6538 0.4054 0.1003 0.0938
5 0.8248 0.2048 0.0970 0.0872
6 0.1044 0.1933 0.0970 0.0905
6 0.1242 0.7262 0.0905 0.0773
6 0.5683 0.5387 0.0938 0.1003
