0 0.0938 0.7039 0.0855 0.0921
0 0.4400 0.7812 0.0641 0.0559
0 0.3166 0.4720 0.1036 0.1118
1 0.8240 0.4605 0.0822 0.0822
1 0.5822 0.6283 0.1250 0.1250
1 0.1020 0.2500 0.0888 0.0888
2 0.4910 0.3257 0.1102 0.1086
2 0.8758 0.8947 0.0872 0.0888
2 0.5510 0.4819 0.0954 0.0921
3 0.6316 0.8997 0.1184 0.1151
3 0.7648 0.8125 0.1151 0.1053
3 0.8964 0.6299 0.1020 0.0954
4 0.2105 0.7771 0.1217 0.1234
4 0.6760 0.1686 0.1020 0.1036
4 0.8339 0.1349 0.0888 0.0921
5 0.5304 0.1653 0.1036 0.1003
5 0.1620 0.1028 0.1299 0.1201
5 0.2360 0.3742 0.1266 0.1168
6 0.3479 0.6160 0.0872 0.1135
6 0.3051 0.1669 0.1234 0.1036
6 0.6768 0.3133 0.1234 0.1135
