4 0.885691 0.897204 0.080592 0.080592
8 0.564967 0.887336 0.070724 0.070724
2 0.157895 0.894737 0.108553 0.115132
1 0.375000 0.824013 0.052632 0.052632
3 0.652961 0.787829 0.105263 0.111842
5 0.245888 0.762336 0.080592 0.080592
6 0.777138 0.701480 0.120066 0.060855
0 0.120066 0.699013 0.052632 0.059211
2 0.477796 0.718750 0.097039 0.101974
4 0.364309 0.616776 0.126645 0.125000
5 0.887336 0.564967 0.087171 0.090461
6 0.129112 0.543586 0.129934 0.077303
2 0.624178 0.512336 0.087171 0.087171
6 0.454770 0.489309 0.097039 0.074013
1 0.299342 0.475329 0.065789 0.065789
3 0.796053 0.414474 0.085526 0.082237
7 0.395559 0.371711 0.080592 0.082237
0 0.555099 0.361020 0.080592 0.090461
7 0.134046 0.328947 0.064145 0.065789
4 0.662007 0.288651 0.120066 0.116776
0 0.328947 0.250822 0.075658 0.070724
3 0.546053 0.177632 0.092105 0.082237
5 0.890625 0.196546 0.126645 0.123355
1 0.106908 0.139803 0.105263 0.105263
5 0.727796 0.119243 0.070724 0.067434
8 0.423520 0.102796 0.090461 0.090461
7 0.294408 0.098684 0.095395 0.098684
