8 0.862664 0.897204 0.070724 0.070724
1 0.368421 0.851974 0.098684 0.098684
7 0.719572 0.850329 0.110197 0.115132
3 0.583882 0.804276 0.075658 0.078947
0 0.815789 0.765625 0.078947 0.087171
1 0.154605 0.769737 0.108553 0.108553
4 0.707237 0.696546 0.125000 0.126645
6 0.525493 0.670230 0.070724 0.123355
2 0.332237 0.648849 0.111842 0.116776
3 0.103618 0.562500 0.065789 0.059211
7 0.884046 0.529605 0.080592 0.082237
4 0.494243 0.543586 0.120066 0.116776
6 0.291941 0.520559 0.037829 0.070724
2 0.712171 0.458882 0.078947 0.075658
1 0.394737 0.434211 0.098684 0.098684
5 0.878289 0.385691 0.108553 0.110197
7 0.252467 0.356908 0.077303 0.078947
8 0.112664 0.351151 0.080592 0.080592
4 0.599507 0.361020 0.123355 0.120066
8 0.456414 0.283717 0.087171 0.087171
0 0.796053 0.261513 0.085526 0.095395
2 0.328125 0.249178 0.110197 0.106908
5 0.127467 0.198191 0.090461 0.083882
6 0.658717 0.175164 0.067434 0.041118
3 0.496711 0.157895 0.108553 0.111842
0 0.818257 0.116776 0.067434 0.072368
5 0.367599 0.117599 0.116776 0.110197
