4 0.630757 0.884868 0.106908 0.105263
8 0.760691 0.864309 0.087171 0.087171
5 0.227796 0.859375 0.093750 0.090461
2 0.518092 0.809211 0.069079 0.069079
3 0.358553 0.789474 0.092105 0.101974
1 0.883224 0.791118 0.121711 0.121711
0 0.183388 0.731086 0.074013 0.083882
7 0.741776 0.702303 0.111842 0.118421
0 0.590461 0.668586 0.082237 0.080592
1 0.842105 0.588816 0.072368 0.072368
3 0.365132 0.595395 0.098684 0.111842
5 0.222862 0.591283 0.123355 0.123355
2 0.680099 0.523849 0.067434 0.064145
5 0.517270 0.545230 0.113487 0.113487
8 0.326480 0.458059 0.077303 0.077303
4 0.878289 0.449836 0.065789 0.064145
4 0.188322 0.454770 0.074013 0.074013
7 0.569901 0.406250 0.067434 0.069079
6 0.448191 0.346217 0.054276 0.057566
7 0.110197 0.347039 0.115132 0.121711
6 0.244243 0.296875 0.047697 0.110197
1 0.593750 0.268092 0.062500 0.062500
2 0.761513 0.251645 0.078947 0.078947
3 0.373355 0.195724 0.121711 0.111842
8 0.747533 0.120888 0.087171 0.087171
6 0.602796 0.125822 0.080592 0.116776
0 0.133224 0.088816 0.108553 0.092105
