8 0.675164 0.895559 0.080592 0.080592
6 0.244243 0.894737 0.057566 0.082237
7 0.409539 0.889803 0.085526 0.088816
6 0.811678 0.875822 0.067434 0.064145
3 0.539474 0.836349 0.092105 0.090461
4 0.120066 0.777138 0.088816 0.090461
3 0.715461 0.756579 0.118421 0.108553
7 0.437500 0.758224 0.115132 0.121711
4 0.287829 0.755757 0.115132 0.116776
7 0.856908 0.735197 0.085526 0.088816
5 0.645559 0.629112 0.106908 0.106908
2 0.199836 0.633224 0.120066 0.115132
0 0.430099 0.587993 0.064145 0.070724
3 0.774671 0.606908 0.108553 0.115132
8 0.893914 0.527138 0.074013 0.074013
8 0.601151 0.499178 0.087171 0.087171
6 0.127467 0.413651 0.067434 0.050987
0 0.755757 0.417763 0.090461 0.082237
0 0.515625 0.354441 0.054276 0.057566
1 0.842105 0.325658 0.072368 0.072368
1 0.337171 0.289474 0.098684 0.098684
4 0.123355 0.201480 0.111842 0.113487
2 0.467105 0.176809 0.082237 0.087171
5 0.842928 0.157072 0.126645 0.126645
3 0.248355 0.120066 0.085526 0.088816
