6 0.540296 0.897204 0.060855 0.054276
8 0.880757 0.895559 0.093750 0.093750
6 0.150493 0.884046 0.103618 0.087171
0 0.741776 0.856908 0.075658 0.065789
4 0.322368 0.849507 0.065789 0.064145
0 0.456414 0.763158 0.050987 0.059211
3 0.310855 0.715461 0.108553 0.098684
1 0.646382 0.672697 0.088816 0.088816
4 0.879112 0.637336 0.113487 0.113487
3 0.166118 0.629934 0.105263 0.115132
5 0.469572 0.566612 0.083882 0.087171
5 0.699836 0.523849 0.103618 0.103618
8 0.101151 0.495888 0.077303 0.077303
7 0.566612 0.465461 0.064145 0.065789
7 0.814967 0.450658 0.100329 0.105263
2 0.212993 0.379934 0.100329 0.105263
0 0.642270 0.300987 0.110197 0.098684
6 0.456414 0.272204 0.087171 0.064145
1 0.106908 0.297697 0.128289 0.128289
3 0.810033 0.229441 0.074013 0.077303
5 0.614309 0.183388 0.103618 0.103618
1 0.231908 0.171053 0.095395 0.095395
7 0.895559 0.121711 0.064145 0.065789
8 0.099507 0.132401 0.087171 0.087171
3 0.457237 0.131579 0.092105 0.095395
