8 0.887336 0.892270 0.083882 0.083882
2 0.239309 0.890625 0.110197 0.106908
5 0.624178 0.882401 0.110197 0.113487
2 0.754934 0.819901 0.092105 0.090461
1 0.419408 0.802632 0.098684 0.098684
7 0.113487 0.791118 0.095395 0.098684
4 0.582237 0.730263 0.098684 0.101974
8 0.898849 0.689967 0.074013 0.074013
2 0.196546 0.693257 0.100329 0.097039
5 0.773849 0.615954 0.070724 0.067434
3 0.393092 0.605263 0.101974 0.105263
0 0.120888 0.569901 0.077303 0.083882
6 0.635691 0.561678 0.116776 0.093750
7 0.890625 0.490132 0.080592 0.082237
4 0.217105 0.489309 0.118421 0.120066
3 0.751645 0.447368 0.098684 0.101974
5 0.571546 0.431743 0.106908 0.103618
1 0.342105 0.421053 0.105263 0.105263
8 0.111020 0.382401 0.077303 0.077303
0 0.771382 0.278783 0.075658 0.080592
6 0.387336 0.255757 0.064145 0.047697
0 0.523849 0.263158 0.064145 0.065789
3 0.175987 0.254934 0.111842 0.111842
6 0.635691 0.127467 0.093750 0.041118
4 0.435033 0.124178 0.087171 0.087171
7 0.803454 0.129934 0.103618 0.108553
1 0.235197 0.113487 0.101974 0.101974
