0 0.688322 0.879934 0.087171 0.078947
4 0.892270 0.862664 0.077303 0.077303
8 0.344572 0.854441 0.083882 0.083882
1 0.169408 0.865132 0.108553 0.108553
1 0.544408 0.820724 0.088816 0.088816
7 0.663651 0.745066 0.106908 0.111842
1 0.862664 0.719572 0.116776 0.080592
1 0.287829 0.685855 0.055921 0.055921
3 0.100329 0.652961 0.065789 0.072368
3 0.406250 0.584704 0.088816 0.087171
0 0.834704 0.550164 0.083882 0.093750
3 0.684211 0.495066 0.072368 0.069079
6 0.138980 0.474507 0.070724 0.050987
8 0.435033 0.453125 0.077303 0.077303
7 0.288651 0.434211 0.100329 0.105263
5 0.550987 0.387336 0.082237 0.087171
8 0.104441 0.342928 0.077303 0.077303
6 0.288651 0.300164 0.116776 0.080592
5 0.851151 0.278783 0.070724 0.070724
3 0.718750 0.294408 0.118421 0.125000
4 0.143092 0.197368 0.121711 0.121711
4 0.638158 0.175164 0.118421 0.120066
2 0.386513 0.168586 0.115132 0.120066
0 0.782895 0.132401 0.092105 0.097039
7 0.533717 0.098684 0.080592 0.082237
