3 0.488487 0.889803 0.095395 0.098684
8 0.125822 0.874178 0.080592 0.080592
3 0.786184 0.861842 0.075658 0.069079
7 0.254934 0.832237 0.095395 0.098684
2 0.618421 0.822368 0.121711 0.121711
6 0.709704 0.732730 0.057566 0.050987
2 0.117599 0.741776 0.100329 0.105263
4 0.877467 0.725329 0.093750 0.092105
1 0.332237 0.720395 0.088816 0.088816
3 0.518092 0.629934 0.108553 0.101974
0 0.200658 0.589638 0.062500 0.060855
6 0.872533 0.541941 0.044408 0.100329
4 0.665296 0.545230 0.116776 0.120066
5 0.441612 0.515625 0.116776 0.110197
1 0.213816 0.421053 0.092105 0.092105
4 0.538651 0.359375 0.067434 0.067434
3 0.828947 0.336349 0.062500 0.064145
0 0.401316 0.321546 0.082237 0.080592
6 0.675164 0.290296 0.044408 0.060855
5 0.150493 0.262336 0.113487 0.113487
8 0.278783 0.229441 0.077303 0.077303
5 0.510691 0.226151 0.074013 0.074013
0 0.387336 0.153783 0.077303 0.074013
1 0.699013 0.152961 0.128289 0.128289
8 0.574836 0.099507 0.080592 0.080592
7 0.130757 0.110197 0.097039 0.101974
