0 0.150493 0.885691 0.057566 0.054276
7 0.897204 0.868421 0.074013 0.075658
2 0.734375 0.833882 0.123355 0.121711
1 0.363487 0.759868 0.072368 0.072368
5 0.601151 0.739309 0.090461 0.090461
3 0.871711 0.723684 0.065789 0.072368
8 0.512336 0.640625 0.083882 0.083882
6 0.342928 0.622533 0.080592 0.123355
4 0.647204 0.613487 0.110197 0.108553
4 0.177632 0.578125 0.072368 0.070724
1 0.824013 0.587171 0.098684 0.098684
7 0.724507 0.483553 0.070724 0.072368
2 0.416941 0.476974 0.110197 0.108553
8 0.107730 0.448191 0.083882 0.083882
8 0.892270 0.443257 0.077303 0.077303
3 0.271382 0.439145 0.105263 0.098684
2 0.627467 0.356086 0.070724 0.074013
1 0.815789 0.322368 0.118421 0.118421
6 0.505757 0.280428 0.047697 0.083882
4 0.172697 0.272204 0.121711 0.123355
6 0.354441 0.229441 0.060855 0.067434
5 0.698191 0.194901 0.097039 0.097039
7 0.115132 0.134868 0.088816 0.092105
0 0.828947 0.129934 0.111842 0.105263
3 0.480263 0.101974 0.105263 0.108553
5 0.260691 0.099507 0.106908 0.103618
