8 0.879112 0.898849 0.077303 0.077303
7 0.264803 0.896382 0.095395 0.098684
0 0.619243 0.853618 0.093750 0.088816
2 0.386513 0.784539 0.078947 0.082237
1 0.830592 0.768092 0.082237 0.082237
4 0.215461 0.759868 0.105263 0.108553
6 0.507401 0.696546 0.054276 0.106908
8 0.308388 0.666941 0.077303 0.077303
3 0.664474 0.648026 0.085526 0.088816
5 0.163651 0.622533 0.087171 0.087171
4 0.870066 0.607730 0.088816 0.090461
6 0.750822 0.497533 0.074013 0.027961
2 0.338816 0.531250 0.105263 0.108553
0 0.465461 0.510691 0.098684 0.106908
1 0.194079 0.491776 0.088816 0.088816
5 0.877467 0.403783 0.080592 0.080592
4 0.654605 0.383224 0.065789 0.065789
3 0.399671 0.378289 0.115132 0.111842
8 0.109375 0.362664 0.093750 0.093750
4 0.526316 0.297697 0.082237 0.085526
7 0.811678 0.236842 0.077303 0.078947
0 0.126645 0.219572 0.069079 0.060855
1 0.302632 0.212171 0.078947 0.078947
7 0.701480 0.131579 0.080592 0.082237
6 0.834704 0.107730 0.060855 0.047697
2 0.467928 0.103618 0.090461 0.095395
