8 0.897204 0.875822 0.080592 0.080592
5 0.129112 0.893914 0.116776 0.120066
3 0.459704 0.847862 0.090461 0.087171
2 0.308388 0.843750 0.097039 0.101974
3 0.774671 0.813322 0.075658 0.080592
0 0.638158 0.754112 0.065789 0.064145
5 0.428454 0.717928 0.123355 0.120066
5 0.877467 0.663651 0.087171 0.087171
1 0.143092 0.662829 0.118421 0.118421
7 0.543586 0.633224 0.106908 0.111842
4 0.376645 0.564967 0.082237 0.080592
4 0.732730 0.527961 0.120066 0.118421
7 0.870066 0.524671 0.115132 0.121711
7 0.148849 0.500000 0.097039 0.101974
0 0.596217 0.476974 0.054276 0.062500
3 0.211349 0.368421 0.077303 0.078947
8 0.504112 0.349507 0.070724 0.070724
3 0.898026 0.366776 0.121711 0.128289
6 0.778783 0.310033 0.067434 0.074013
4 0.373355 0.294408 0.078947 0.082237
2 0.646382 0.299342 0.121711 0.121711
3 0.233553 0.206414 0.072368 0.074013
6 0.377467 0.158717 0.067434 0.060855
0 0.755757 0.146382 0.050987 0.059211
6 0.512336 0.147204 0.037829 0.074013
1 0.113487 0.152961 0.115132 0.115132
8 0.898849 0.112664 0.080592 0.080592
