0 0.349507 0.893092 0.083882 0.078947
8 0.811678 0.884046 0.087171 0.087171
4 0.153783 0.864309 0.100329 0.100329
3 0.659539 0.875000 0.125000 0.125000
3 0.485197 0.789474 0.125000 0.115132
4 0.268914 0.730263 0.067434 0.069079
1 0.886513 0.728618 0.092105 0.092105
4 0.694901 0.671875 0.083882 0.083882
5 0.125822 0.674342 0.113487 0.115132
2 0.449836 0.620888 0.064145 0.067434
6 0.311678 0.604441 0.044408 0.070724
8 0.806743 0.584704 0.080592 0.080592
0 0.676809 0.512336 0.083882 0.077303
0 0.171053 0.504112 0.059211 0.067434
1 0.843750 0.453947 0.082237 0.082237
5 0.323191 0.441612 0.070724 0.070724
2 0.451480 0.443257 0.097039 0.097039
7 0.155428 0.376645 0.110197 0.115132
6 0.829770 0.319901 0.047697 0.083882
5 0.324836 0.310033 0.103618 0.106908
7 0.509046 0.284539 0.074013 0.075658
2 0.649671 0.245066 0.092105 0.095395
8 0.402138 0.191612 0.087171 0.087171
7 0.107730 0.161184 0.067434 0.069079
1 0.768092 0.138158 0.072368 0.072368
3 0.287829 0.116776 0.108553 0.105263
6 0.556743 0.106908 0.060855 0.088816
