5 0.668586 0.890625 0.077303 0.077303
4 0.100329 0.876645 0.072368 0.075658
6 0.528783 0.877467 0.054276 0.100329
1 0.817434 0.805921 0.069079 0.069079
0 0.429276 0.789474 0.059211 0.059211
1 0.200658 0.781250 0.082237 0.082237
4 0.635691 0.673520 0.093750 0.093750
6 0.277138 0.670230 0.106908 0.093750
8 0.106086 0.663651 0.090461 0.090461
2 0.773026 0.635691 0.092105 0.087171
0 0.499178 0.537007 0.064145 0.057566
4 0.321546 0.533717 0.083882 0.083882
3 0.106908 0.518092 0.072368 0.075658
7 0.649671 0.503289 0.115132 0.121711
2 0.873355 0.441612 0.085526 0.090461
8 0.290296 0.370888 0.087171 0.087171
0 0.157895 0.365954 0.085526 0.080592
7 0.740954 0.366776 0.097039 0.101974
2 0.430921 0.367599 0.111842 0.113487
3 0.593750 0.360197 0.125000 0.115132
7 0.861020 0.310855 0.080592 0.082237
3 0.381579 0.197368 0.065789 0.062500
8 0.109375 0.194901 0.070724 0.070724
1 0.643092 0.187500 0.069079 0.069079
5 0.811678 0.148849 0.093750 0.090461
6 0.221217 0.111020 0.090461 0.057566
5 0.504112 0.137336 0.126645 0.126645
