8 0.313322 0.898849 0.074013 0.074013
1 0.177632 0.891447 0.101974 0.101974
3 0.606908 0.838816 0.069079 0.075658
2 0.771382 0.819079 0.095395 0.101974
7 0.488487 0.792763 0.088816 0.092105
3 0.169408 0.758224 0.098684 0.088816
0 0.375822 0.733553 0.100329 0.108553
8 0.706414 0.699836 0.083882 0.083882
4 0.883224 0.675987 0.069079 0.065789
0 0.569901 0.633224 0.067434 0.069079
2 0.793586 0.561678 0.106908 0.106908
1 0.370066 0.509868 0.121711 0.121711
0 0.683388 0.441612 0.057566 0.054276
5 0.134046 0.454770 0.110197 0.110197
6 0.543586 0.431743 0.100329 0.070724
8 0.857730 0.410362 0.090461 0.090461
5 0.412007 0.336349 0.067434 0.070724
4 0.250822 0.324013 0.120066 0.125000
6 0.630757 0.285362 0.080592 0.054276
4 0.106086 0.287829 0.070724 0.072368
2 0.856086 0.264803 0.077303 0.072368
1 0.514803 0.187500 0.088816 0.088816
6 0.339638 0.193257 0.070724 0.116776
5 0.671875 0.158717 0.093750 0.093750
7 0.890625 0.125000 0.100329 0.105263
4 0.157895 0.109375 0.105263 0.106908
