7 0.626645 0.886513 0.082237 0.085526
8 0.397204 0.869243 0.083882 0.083882
2 0.264803 0.857730 0.065789 0.060855
1 0.771382 0.843750 0.072368 0.072368
8 0.132401 0.846217 0.080592 0.080592
3 0.513158 0.805921 0.098684 0.108553
6 0.165296 0.712993 0.080592 0.050987
2 0.300987 0.718750 0.092105 0.088816
5 0.652138 0.693257 0.113487 0.113487
1 0.871711 0.664474 0.092105 0.092105
4 0.492599 0.652138 0.054276 0.087171
3 0.728618 0.575658 0.121711 0.115132
0 0.274671 0.543586 0.098684 0.113487
4 0.379112 0.462993 0.106908 0.106908
7 0.905428 0.437500 0.100329 0.105263
5 0.122533 0.413651 0.113487 0.116776
3 0.756579 0.365132 0.078947 0.085526
1 0.626645 0.337171 0.085526 0.085526
6 0.390625 0.313322 0.057566 0.080592
0 0.265625 0.220395 0.067434 0.069079
4 0.840461 0.221217 0.101974 0.097039
4 0.123355 0.231086 0.118421 0.120066
0 0.670230 0.154605 0.060855 0.059211
5 0.407072 0.171875 0.113487 0.113487
7 0.537007 0.123355 0.070724 0.072368
