5 0.408717 0.900493 0.120066 0.120066
3 0.103618 0.868421 0.082237 0.082237
0 0.707237 0.836349 0.062500 0.060855
4 0.875000 0.810033 0.115132 0.116776
1 0.325658 0.758224 0.082237 0.082237
6 0.194901 0.737664 0.103618 0.057566
1 0.562500 0.733553 0.062500 0.062500
4 0.856086 0.662829 0.123355 0.121711
3 0.726974 0.620066 0.085526 0.088816
8 0.494243 0.614309 0.077303 0.077303
3 0.330592 0.601974 0.092105 0.105263
0 0.603618 0.497533 0.075658 0.070724
6 0.843750 0.489309 0.065789 0.097039
2 0.146382 0.497533 0.118421 0.123355
8 0.290296 0.453125 0.083882 0.083882
5 0.435033 0.461349 0.116776 0.123355
7 0.569901 0.378289 0.064145 0.065789
2 0.826480 0.357730 0.067434 0.070724
7 0.119243 0.302632 0.070724 0.072368
5 0.421875 0.314967 0.116776 0.120066
0 0.282895 0.268092 0.085526 0.082237
2 0.740132 0.237664 0.108553 0.110197
4 0.541941 0.216283 0.093750 0.093750
8 0.400493 0.160362 0.080592 0.080592
1 0.172697 0.159539 0.095395 0.095395
6 0.862664 0.107730 0.074013 0.067434
7 0.672697 0.098684 0.088816 0.092105
