6 0.203125 0.900493 0.080592 0.054276
0 0.398026 0.870888 0.069079 0.070724
5 0.861020 0.897204 0.129934 0.126645
0 0.636513 0.834704 0.098684 0.113487
4 0.291941 0.750822 0.070724 0.070724
7 0.488487 0.743421 0.111842 0.118421
5 0.122533 0.688322 0.083882 0.080592
1 0.784539 0.697368 0.118421 0.118421
1 0.646382 0.672697 0.098684 0.098684
6 0.375822 0.587993 0.074013 0.074013
8 0.227796 0.592928 0.087171 0.087171
3 0.527961 0.549342 0.105263 0.108553
4 0.799342 0.536184 0.088816 0.085526
6 0.180099 0.469572 0.090461 0.041118
7 0.412829 0.439145 0.085526 0.088816
3 0.700658 0.421053 0.095395 0.098684
8 0.555099 0.370888 0.087171 0.087171
8 0.865954 0.344572 0.070724 0.070724
2 0.303454 0.348684 0.120066 0.115132
4 0.141447 0.321546 0.065789 0.064145
2 0.704770 0.263980 0.074013 0.070724
1 0.381579 0.220395 0.121711 0.121711
7 0.537829 0.175987 0.115132 0.121711
3 0.827303 0.156250 0.095395 0.088816
5 0.155428 0.132401 0.097039 0.097039
2 0.287007 0.114309 0.097039 0.097039
0 0.680099 0.106086 0.097039 0.093750
