8 0.655428 0.897204 0.074013 0.074013
6 0.856086 0.897204 0.070724 0.097039
7 0.332237 0.876645 0.111842 0.118421
4 0.108553 0.832237 0.125000 0.125000
2 0.763158 0.796875 0.092105 0.090461
0 0.528783 0.776316 0.074013 0.069079
7 0.245888 0.774671 0.077303 0.078947
1 0.389803 0.661184 0.095395 0.095395
0 0.876645 0.637336 0.085526 0.077303
3 0.707237 0.610197 0.065789 0.072368
6 0.147204 0.599507 0.034539 0.074013
0 0.562500 0.546053 0.069079 0.078947
2 0.893092 0.496711 0.069079 0.069079
1 0.273026 0.490132 0.098684 0.098684
5 0.403783 0.449836 0.077303 0.074013
4 0.131579 0.401316 0.088816 0.092105
5 0.580592 0.402138 0.115132 0.113487
8 0.870888 0.365954 0.087171 0.087171
3 0.713816 0.345395 0.082237 0.088816
1 0.253289 0.333882 0.105263 0.105263
2 0.441612 0.299342 0.113487 0.118421
7 0.106908 0.273026 0.118421 0.125000
8 0.319901 0.203125 0.077303 0.077303
6 0.872533 0.170230 0.041118 0.064145
4 0.194901 0.140625 0.087171 0.087171
3 0.440789 0.126645 0.115132 0.115132
5 0.653783 0.115954 0.097039 0.097039
