7 0.882401 0.896382 0.067434 0.069079
4 0.111842 0.890625 0.065789 0.064145
2 0.587171 0.879934 0.072368 0.072368
6 0.745888 0.872533 0.050987 0.100329
5 0.449836 0.816612 0.077303 0.074013
7 0.293586 0.797697 0.103618 0.108553
7 0.625000 0.751645 0.092105 0.095395
2 0.781250 0.743421 0.092105 0.088816
0 0.161184 0.699836 0.092105 0.093750
4 0.536184 0.632401 0.105263 0.106908
1 0.355263 0.601974 0.065789 0.065789
6 0.870888 0.591283 0.031250 0.067434
1 0.700658 0.564145 0.075658 0.075658
8 0.584704 0.492599 0.093750 0.093750
1 0.123355 0.442434 0.059211 0.059211
5 0.337993 0.449013 0.129934 0.128289
5 0.701480 0.395559 0.110197 0.110197
0 0.476151 0.361020 0.070724 0.070724
4 0.901316 0.357730 0.115132 0.116776
4 0.175987 0.321546 0.088816 0.047697
3 0.636513 0.236842 0.101974 0.095395
2 0.814145 0.232730 0.101974 0.097039
0 0.335526 0.217928 0.111842 0.100329
8 0.132401 0.142270 0.083882 0.083882
3 0.460526 0.136513 0.098684 0.095395
8 0.760691 0.109375 0.083882 0.083882
3 0.284539 0.098684 0.105263 0.095395
