4 0.885691 0.888158 0.077303 0.078947
6 0.203125 0.888980 0.106908 0.100329
6 0.754934 0.862664 0.046053 0.110197
3 0.444901 0.817434 0.097039 0.069079
2 0.303454 0.804276 0.077303 0.078947
0 0.638980 0.811678 0.106908 0.103618
1 0.843750 0.725329 0.075658 0.075658
3 0.139803 0.690789 0.075658 0.072368
1 0.486842 0.669408 0.082237 0.082237
0 0.346217 0.578947 0.080592 0.075658
8 0.859375 0.574836 0.083882 0.083882
8 0.111020 0.561678 0.077303 0.077303
2 0.676809 0.541941 0.120066 0.123355
0 0.460526 0.508224 0.105263 0.105263
5 0.874178 0.433388 0.074013 0.077303
1 0.292763 0.427632 0.098684 0.098684
7 0.129934 0.406250 0.088816 0.092105
5 0.477796 0.367599 0.080592 0.080592
4 0.671875 0.339638 0.116776 0.113487
6 0.250822 0.287007 0.090461 0.106908
4 0.826480 0.253289 0.116776 0.115132
2 0.383224 0.166118 0.095395 0.092105
5 0.709704 0.150493 0.087171 0.087171
7 0.125822 0.151316 0.110197 0.115132
8 0.250822 0.127467 0.077303 0.077303
3 0.546053 0.134868 0.108553 0.101974
3 0.863487 0.101974 0.085526 0.095395
