5 0.400493 0.898849 0.103618 0.103618
4 0.666118 0.872533 0.098684 0.100329
1 0.892270 0.805099 0.129934 0.129934
7 0.314967 0.756579 0.067434 0.069079
4 0.548520 0.754112 0.106908 0.106908
6 0.773849 0.722862 0.100329 0.067434
6 0.148849 0.698191 0.106908 0.054276
5 0.420230 0.614309 0.103618 0.106908
5 0.869243 0.617599 0.110197 0.116776
0 0.705592 0.550987 0.052632 0.062500
1 0.557566 0.532895 0.075658 0.075658
0 0.289474 0.537829 0.075658 0.085526
8 0.826480 0.492599 0.074013 0.074013
7 0.159539 0.476974 0.118421 0.125000
7 0.618421 0.411184 0.088816 0.092105
0 0.259046 0.393092 0.064145 0.065789
3 0.412829 0.365132 0.105263 0.118421
3 0.111842 0.335526 0.092105 0.101974
3 0.830592 0.333882 0.118421 0.108553
2 0.670230 0.282072 0.093750 0.093750
2 0.241776 0.242599 0.085526 0.080592
1 0.527961 0.182566 0.069079 0.069079
6 0.152138 0.134046 0.074013 0.041118
2 0.758224 0.149671 0.085526 0.088816
8 0.398849 0.111020 0.083882 0.083882
8 0.890625 0.099507 0.070724 0.070724
