1 0.541118 0.888158 0.062500 0.062500
8 0.293586 0.893914 0.077303 0.077303
7 0.889803 0.876645 0.115132 0.121711
2 0.148026 0.801809 0.105263 0.100329
0 0.787829 0.777138 0.065789 0.060855
6 0.415296 0.773849 0.110197 0.064145
0 0.258224 0.745888 0.095395 0.103618
1 0.565789 0.712171 0.105263 0.105263
6 0.374178 0.634046 0.070724 0.060855
5 0.142270 0.650493 0.113487 0.120066
0 0.686678 0.619243 0.054276 0.060855
5 0.846217 0.561678 0.103618 0.106908
4 0.541118 0.564967 0.125000 0.126645
7 0.306743 0.488487 0.074013 0.075658
3 0.444079 0.472039 0.065789 0.065789
2 0.811678 0.410362 0.080592 0.083882
3 0.598684 0.355263 0.065789 0.065789
3 0.194079 0.365132 0.128289 0.118421
4 0.390625 0.305099 0.070724 0.070724
1 0.738487 0.268092 0.095395 0.095395
6 0.198191 0.226151 0.067434 0.037829
7 0.862664 0.205592 0.077303 0.078947
4 0.497533 0.218750 0.116776 0.115132
2 0.618421 0.157072 0.115132 0.116776
5 0.337993 0.124178 0.067434 0.067434
8 0.763980 0.102796 0.077303 0.077303
8 0.114309 0.109375 0.093750 0.093750
