8 0.130757 0.892270 0.083882 0.083882
0 0.539474 0.884046 0.082237 0.080592
3 0.848684 0.870066 0.092105 0.098684
4 0.676809 0.856908 0.103618 0.108553
6 0.412007 0.829770 0.093750 0.074013
2 0.167763 0.765625 0.111842 0.116776
0 0.792763 0.683388 0.062500 0.060855
3 0.566612 0.632401 0.067434 0.064145
5 0.277138 0.648849 0.116776 0.113487
4 0.430099 0.630757 0.120066 0.116776
7 0.142270 0.621711 0.100329 0.105263
5 0.719572 0.581414 0.126645 0.129934
8 0.584704 0.497533 0.070724 0.070724
4 0.888158 0.500822 0.088816 0.090461
1 0.452303 0.460526 0.082237 0.082237
8 0.308388 0.428454 0.070724 0.070724
5 0.712993 0.423520 0.077303 0.077303
2 0.161184 0.404605 0.065789 0.065789
3 0.827303 0.340461 0.088816 0.085526
0 0.619243 0.302632 0.106908 0.095395
7 0.216283 0.277961 0.074013 0.075658
1 0.424342 0.218750 0.088816 0.088816
6 0.844572 0.191612 0.074013 0.074013
1 0.679276 0.179276 0.082237 0.082237
3 0.204770 0.121711 0.074013 0.065789
6 0.528783 0.124178 0.120066 0.074013
7 0.340461 0.103618 0.088816 0.092105
