8 0.680099 0.882401 0.067434 0.067434
2 0.549342 0.870066 0.092105 0.095395
0 0.170230 0.846217 0.090461 0.103618
5 0.787007 0.805099 0.080592 0.080592
0 0.381579 0.782072 0.062500 0.060855
6 0.625822 0.760691 0.077303 0.031250
7 0.125822 0.705592 0.100329 0.105263
5 0.499178 0.662007 0.116776 0.120066
4 0.867599 0.627467 0.093750 0.093750
1 0.708882 0.597039 0.062500 0.062500
3 0.319079 0.625000 0.118421 0.125000
8 0.548520 0.530428 0.070724 0.070724
3 0.192434 0.549342 0.115132 0.128289
6 0.882401 0.476151 0.110197 0.050987
2 0.429276 0.476974 0.095395 0.098684
0 0.625822 0.425164 0.054276 0.060855
7 0.162007 0.386513 0.103618 0.108553
4 0.303454 0.335526 0.077303 0.075658
1 0.569079 0.305921 0.108553 0.108553
5 0.436678 0.311678 0.129934 0.126645
2 0.791941 0.289474 0.087171 0.088816
6 0.106086 0.259046 0.110197 0.054276
3 0.636513 0.180921 0.072368 0.075658
1 0.855263 0.128289 0.072368 0.072368
7 0.457237 0.139803 0.118421 0.125000
4 0.275493 0.112664 0.090461 0.090461
8 0.143914 0.109375 0.083882 0.083882
