0 0.305099 0.904605 0.100329 0.092105
8 0.670230 0.897204 0.087171 0.087171
2 0.505757 0.884046 0.074013 0.070724
6 0.137336 0.867599 0.116776 0.047697
5 0.801809 0.895559 0.113487 0.113487
7 0.902961 0.769737 0.095395 0.098684
3 0.641447 0.761513 0.078947 0.082237
5 0.249178 0.768914 0.103618 0.106908
4 0.444079 0.694901 0.078947 0.077303
7 0.119243 0.695724 0.110197 0.115132
1 0.786184 0.651316 0.098684 0.098684
1 0.307566 0.606908 0.092105 0.092105
0 0.606086 0.564145 0.113487 0.098684
8 0.477796 0.545230 0.074013 0.074013
3 0.179276 0.500000 0.098684 0.105263
1 0.657895 0.455592 0.095395 0.095395
3 0.883224 0.432566 0.098684 0.101974
5 0.430099 0.413651 0.097039 0.097039
2 0.259046 0.356086 0.064145 0.067434
8 0.115954 0.346217 0.083882 0.083882
7 0.494243 0.284539 0.074013 0.075658
4 0.839638 0.257401 0.074013 0.074013
4 0.629112 0.212171 0.106908 0.111842
2 0.322368 0.182566 0.088816 0.092105
6 0.476151 0.142270 0.057566 0.074013
6 0.893914 0.099507 0.064145 0.060855
