6 0.821546 0.897204 0.067434 0.041118
5 0.454770 0.879112 0.123355 0.123355
4 0.228618 0.861842 0.101974 0.098684
8 0.101151 0.821546 0.074013 0.074013
0 0.604441 0.815789 0.090461 0.088816
3 0.773026 0.769737 0.101974 0.095395
6 0.352796 0.736020 0.064145 0.106908
5 0.150493 0.691612 0.106908 0.106908
1 0.475329 0.652961 0.085526 0.085526
7 0.680099 0.619243 0.070724 0.070724
3 0.268092 0.605263 0.115132 0.125000
2 0.807566 0.534539 0.108553 0.105263
6 0.370888 0.494243 0.054276 0.070724
2 0.594572 0.485197 0.103618 0.101974
4 0.113487 0.444079 0.101974 0.098684
1 0.722039 0.434211 0.108553 0.108553
0 0.276316 0.368421 0.062500 0.072368
8 0.528783 0.341283 0.090461 0.090461
4 0.882401 0.340461 0.113487 0.111842
3 0.396382 0.340461 0.108553 0.111842
8 0.122533 0.303454 0.080592 0.080592
7 0.652138 0.269737 0.077303 0.078947
5 0.295230 0.221217 0.103618 0.097039
2 0.485197 0.171875 0.092105 0.090461
1 0.159539 0.164474 0.111842 0.111842
0 0.848684 0.150493 0.108553 0.106908
7 0.693257 0.103618 0.067434 0.069079
