2 0.488487 0.894737 0.069079 0.069079
8 0.249178 0.893914 0.087171 0.087171
8 0.897204 0.875822 0.074013 0.074013
3 0.741776 0.889803 0.092105 0.101974
5 0.142270 0.816612 0.070724 0.070724
7 0.630757 0.814145 0.070724 0.072368
1 0.350329 0.791118 0.059211 0.059211
3 0.848684 0.717105 0.075658 0.085526
6 0.712993 0.645559 0.074013 0.041118
0 0.487664 0.643914 0.087171 0.077303
2 0.267270 0.591283 0.064145 0.067434
7 0.102796 0.587171 0.070724 0.072368
4 0.614309 0.528783 0.120066 0.116776
3 0.799342 0.500000 0.092105 0.105263
1 0.292763 0.460526 0.118421 0.118421
0 0.163651 0.367599 0.074013 0.077303
4 0.740132 0.340461 0.118421 0.118421
2 0.396382 0.263158 0.101974 0.095395
5 0.893914 0.265625 0.120066 0.120066
0 0.119243 0.226151 0.080592 0.093750
1 0.353618 0.128289 0.065789 0.065789
8 0.217928 0.106086 0.077303 0.077303
6 0.507401 0.101151 0.087171 0.074013
6 0.898849 0.115954 0.083882 0.113487
5 0.726151 0.112664 0.126645 0.129934
