7 0.559211 0.896382 0.115132 0.121711
4 0.188322 0.866776 0.106908 0.105263
0 0.796053 0.838816 0.111842 0.101974
1 0.287829 0.781250 0.098684 0.098684
2 0.639803 0.763980 0.075658 0.080592
2 0.444901 0.778783 0.116776 0.113487
8 0.900493 0.729441 0.080592 0.080592
8 0.558388 0.652138 0.080592 0.080592
5 0.770559 0.652138 0.103618 0.100329
4 0.125822 0.648026 0.093750 0.092105
3 0.419408 0.593750 0.075658 0.072368
4 0.884046 0.583059 0.074013 0.074013
6 0.268914 0.586349 0.070724 0.103618
1 0.654605 0.518092 0.088816 0.088816
7 0.846217 0.455592 0.074013 0.075658
5 0.320724 0.431743 0.095395 0.093750
2 0.476974 0.386513 0.085526 0.082237
1 0.166118 0.363487 0.105263 0.105263
3 0.718750 0.317434 0.069079 0.069079
6 0.895559 0.308388 0.057566 0.070724
8 0.587993 0.263980 0.070724 0.070724
5 0.308388 0.257401 0.126645 0.126645
0 0.741776 0.162829 0.088816 0.088816
0 0.890625 0.132401 0.057566 0.050987
3 0.445724 0.157072 0.072368 0.110197
5 0.615132 0.115954 0.095395 0.100329
3 0.128289 0.101974 0.128289 0.118421
