7 0.109375 0.898026 0.077303 0.078947
8 0.762336 0.862664 0.087171 0.087171
7 0.426809 0.835526 0.074013 0.075658
0 0.237664 0.834704 0.087171 0.077303
3 0.608553 0.849507 0.098684 0.113487
4 0.891447 0.829770 0.115132 0.110197
3 0.815789 0.697368 0.098684 0.088816
5 0.347862 0.691612 0.120066 0.120066
3 0.141447 0.628289 0.101974 0.108553
2 0.444901 0.575658 0.110197 0.108553
2 0.751645 0.560855 0.095395 0.092105
6 0.576480 0.472862 0.041118 0.077303
1 0.145559 0.458059 0.090461 0.090461
4 0.714638 0.421053 0.120066 0.118421
4 0.442434 0.356908 0.085526 0.082237
1 0.305921 0.343750 0.075658 0.075658
0 0.865954 0.343750 0.093750 0.105263
8 0.143914 0.293586 0.077303 0.077303
0 0.282072 0.208059 0.083882 0.083882
5 0.453125 0.189967 0.090461 0.090461
6 0.666941 0.166941 0.067434 0.047697
1 0.871711 0.144737 0.065789 0.065789
7 0.152138 0.117599 0.070724 0.077303
