1 0.633224 0.878289 0.078947 0.078947
7 0.176809 0.889803 0.106908 0.111842
6 0.765625 0.849507 0.080592 0.034539
7 0.317434 0.850329 0.118421 0.125000
4 0.455592 0.828947 0.095395 0.092105
2 0.615132 0.743421 0.105263 0.108553
6 0.185855 0.717928 0.088816 0.080592
3 0.886513 0.726974 0.111842 0.105263
4 0.429276 0.692434 0.092105 0.095395
5 0.768914 0.632401 0.097039 0.097039
1 0.335526 0.544408 0.092105 0.092105
5 0.117599 0.538651 0.080592 0.083882
1 0.574013 0.541118 0.101974 0.101974
4 0.885691 0.467928 0.070724 0.070724
3 0.680921 0.450658 0.115132 0.125000
0 0.514803 0.369243 0.069079 0.060855
3 0.116776 0.393092 0.121711 0.115132
1 0.875822 0.326480 0.087171 0.087171
2 0.367599 0.331414 0.123355 0.120066
8 0.099507 0.259046 0.080592 0.080592
2 0.729441 0.271382 0.113487 0.111842
6 0.273849 0.221217 0.083882 0.093750
5 0.569901 0.203125 0.113487 0.120066
0 0.868421 0.165296 0.095395 0.087171
0 0.118421 0.120888 0.075658 0.083882
8 0.676809 0.112664 0.070724 0.070724
7 0.442434 0.105263 0.118421 0.125000
