8 0.566612 0.882401 0.067434 0.067434
7 0.162829 0.891447 0.085526 0.088816
1 0.299342 0.840461 0.125000 0.125000
7 0.859375 0.827303 0.097039 0.101974
0 0.472862 0.781250 0.110197 0.108553
7 0.687500 0.776316 0.115132 0.121711
5 0.211349 0.727796 0.106908 0.106908
3 0.324013 0.652961 0.115132 0.108553
6 0.770559 0.637336 0.031250 0.080592
3 0.593750 0.621711 0.062500 0.069079
0 0.889803 0.595395 0.065789 0.075658
4 0.383224 0.527961 0.082237 0.078947
2 0.120066 0.534539 0.108553 0.101974
3 0.603618 0.450658 0.062500 0.065789
5 0.846217 0.426809 0.090461 0.087171
8 0.124178 0.390625 0.090461 0.090461
4 0.414474 0.395559 0.108553 0.103618
1 0.258224 0.345395 0.072368 0.072368
6 0.564967 0.285362 0.074013 0.037829
2 0.775493 0.301809 0.123355 0.120066
2 0.388980 0.268092 0.067434 0.065789
4 0.893092 0.240954 0.101974 0.103618
1 0.174342 0.212171 0.088816 0.088816
5 0.719572 0.155428 0.080592 0.080592
6 0.300164 0.157072 0.087171 0.093750
0 0.487664 0.131579 0.070724 0.082237
8 0.862664 0.106086 0.074013 0.074013
