1 0.577303 0.861842 0.059211 0.059211
0 0.194079 0.862664 0.062500 0.070724
8 0.898849 0.856086 0.067434 0.067434
4 0.374178 0.787007 0.070724 0.080592
2 0.768092 0.773026 0.069079 0.069079
8 0.106086 0.757401 0.080592 0.080592
4 0.883224 0.708882 0.085526 0.082237
6 0.451480 0.634046 0.106908 0.074013
3 0.195724 0.631579 0.072368 0.069079
8 0.803454 0.546875 0.087171 0.087171
0 0.516447 0.483553 0.052632 0.059211
0 0.298520 0.473684 0.060855 0.065789
5 0.132401 0.471217 0.129934 0.129934
1 0.820724 0.399671 0.101974 0.101974
5 0.619243 0.352796 0.074013 0.074013
3 0.435855 0.375822 0.118421 0.126645
7 0.135691 0.337171 0.064145 0.065789
4 0.285362 0.270559 0.090461 0.090461
6 0.504112 0.263158 0.064145 0.101974
7 0.726974 0.259868 0.111842 0.118421
2 0.366776 0.144737 0.082237 0.082237
3 0.817434 0.149671 0.108553 0.101974
7 0.530428 0.125000 0.070724 0.072368
5 0.214638 0.130757 0.083882 0.087171
6 0.693257 0.104441 0.087171 0.047697
