3 0.259868 0.894737 0.101974 0.098684
0 0.736020 0.888158 0.097039 0.092105
7 0.114309 0.873355 0.080592 0.082237
7 0.520559 0.863487 0.070724 0.072368
4 0.893914 0.824013 0.090461 0.088816
4 0.375000 0.787007 0.065789 0.064145
0 0.666941 0.747533 0.083882 0.077303
7 0.133224 0.741776 0.092105 0.095395
3 0.432566 0.648026 0.108553 0.105263
1 0.250000 0.608553 0.098684 0.098684
5 0.839638 0.597039 0.116776 0.115132
8 0.102796 0.569901 0.083882 0.083882
8 0.701480 0.566612 0.083882 0.083882
8 0.268914 0.466283 0.070724 0.070724
6 0.553454 0.486020 0.077303 0.126645
5 0.811678 0.459704 0.080592 0.083882
3 0.121711 0.421053 0.121711 0.115132
5 0.717928 0.351151 0.097039 0.097039
2 0.480263 0.330592 0.072368 0.072368
6 0.867599 0.310033 0.074013 0.123355
0 0.369243 0.184211 0.060855 0.059211
2 0.658717 0.191612 0.100329 0.100329
1 0.136513 0.184211 0.092105 0.092105
4 0.845395 0.156250 0.078947 0.082237
1 0.490132 0.113487 0.065789 0.065789
