4 0.550164 0.895559 0.070724 0.031250
8 0.418586 0.890625 0.090461 0.090461
3 0.699013 0.868421 0.069079 0.062500
3 0.891447 0.879934 0.092105 0.088816
5 0.374178 0.745888 0.097039 0.093750
7 0.789474 0.733553 0.115132 0.121711
4 0.630757 0.659539 0.113487 0.111842
0 0.180099 0.628289 0.064145 0.062500
6 0.464638 0.568257 0.080592 0.090461
5 0.877467 0.564967 0.080592 0.087171
1 0.699013 0.526316 0.085526 0.085526
0 0.310033 0.500822 0.074013 0.083882
2 0.098684 0.500822 0.105263 0.100329
4 0.578947 0.440789 0.101974 0.105263
8 0.211349 0.413651 0.070724 0.070724
2 0.861842 0.421875 0.092105 0.090461
2 0.319901 0.340461 0.093750 0.088816
8 0.716283 0.321546 0.080592 0.080592
1 0.578947 0.289474 0.082237 0.082237
5 0.166941 0.275493 0.113487 0.116776
4 0.851151 0.260691 0.123355 0.126645
1 0.373355 0.194079 0.085526 0.085526
6 0.772204 0.112664 0.047697 0.057566
0 0.609375 0.100329 0.064145 0.062500
7 0.220395 0.126645 0.115132 0.121711
