7 0.158717 0.884868 0.077303 0.078947
1 0.726974 0.871711 0.105263 0.105263
4 0.337171 0.831414 0.108553 0.110197
5 0.857730 0.782072 0.106908 0.106908
0 0.515625 0.774671 0.103618 0.101974
6 0.719572 0.740954 0.041118 0.080592
5 0.184211 0.727796 0.125000 0.126645
3 0.615132 0.628289 0.065789 0.065789
0 0.801809 0.582237 0.067434 0.078947
3 0.509868 0.546053 0.128289 0.121711
1 0.266447 0.537829 0.115132 0.115132
8 0.660362 0.502467 0.093750 0.093750
2 0.142270 0.447368 0.083882 0.085526
4 0.775493 0.437500 0.120066 0.118421
2 0.464638 0.408717 0.070724 0.074013
6 0.643914 0.346217 0.106908 0.041118
7 0.320724 0.368421 0.092105 0.095395
2 0.862664 0.337171 0.080592 0.082237
6 0.158717 0.293586 0.123355 0.074013
3 0.483553 0.249178 0.088816 0.090461
8 0.895559 0.168586 0.074013 0.074013
4 0.350329 0.171875 0.101974 0.103618
7 0.145559 0.143092 0.067434 0.069079
1 0.768092 0.123355 0.095395 0.095395
7 0.481908 0.113487 0.082237 0.082237
