5 0.796875 0.887336 0.080592 0.080592
5 0.528783 0.895559 0.100329 0.103618
4 0.317434 0.878289 0.069079 0.072368
8 0.176809 0.872533 0.077303 0.077303
2 0.652961 0.858553 0.121711 0.121711
2 0.430099 0.759046 0.093750 0.093750
3 0.106908 0.746711 0.088816 0.082237
0 0.273849 0.644737 0.093750 0.088816
3 0.569079 0.639803 0.105263 0.111842
7 0.703125 0.585526 0.064145 0.065789
5 0.115954 0.566612 0.100329 0.103618
5 0.841283 0.538651 0.126645 0.120066
6 0.260691 0.495888 0.116776 0.083882
2 0.613487 0.475329 0.085526 0.082237
4 0.432566 0.452303 0.082237 0.085526
1 0.777961 0.389803 0.085526 0.085526
1 0.167763 0.330592 0.065789 0.065789
7 0.648026 0.310855 0.111842 0.118421
0 0.361020 0.291118 0.110197 0.095395
4 0.493421 0.282072 0.082237 0.080592
6 0.900493 0.252467 0.057566 0.054276
6 0.208059 0.204770 0.057566 0.103618
0 0.634868 0.174342 0.085526 0.092105
8 0.494243 0.127467 0.087171 0.087171
3 0.358553 0.115132 0.069079 0.075658
7 0.821546 0.125000 0.103618 0.108553
