4 0.184211 0.895559 0.095395 0.097039
2 0.496711 0.867599 0.092105 0.090461
2 0.818257 0.861020 0.093750 0.097039
6 0.347862 0.810033 0.110197 0.074013
6 0.671875 0.818257 0.097039 0.106908
5 0.122533 0.780428 0.113487 0.116776
7 0.885691 0.720395 0.064145 0.065789
8 0.448191 0.716283 0.087171 0.087171
3 0.296053 0.682566 0.098684 0.105263
3 0.590461 0.661184 0.098684 0.108553
5 0.143914 0.638980 0.120066 0.116776
0 0.740132 0.584704 0.072368 0.074013
5 0.412007 0.586349 0.077303 0.080592
8 0.543586 0.532072 0.083882 0.083882
4 0.303454 0.502467 0.067434 0.067434
0 0.696546 0.453947 0.093750 0.082237
7 0.134868 0.444079 0.088816 0.092105
7 0.884046 0.430921 0.103618 0.108553
0 0.418586 0.398849 0.077303 0.080592
1 0.261513 0.317434 0.065789 0.065789
4 0.801809 0.306743 0.083882 0.083882
6 0.453125 0.254112 0.110197 0.077303
1 0.603618 0.241776 0.098684 0.098684
3 0.881579 0.189145 0.095395 0.092105
1 0.144737 0.157895 0.065789 0.065789
8 0.740954 0.132401 0.077303 0.077303
2 0.467928 0.114309 0.067434 0.070724
