3 0.809211 0.886513 0.115132 0.115132
4 0.535362 0.874178 0.090461 0.090461
6 0.680099 0.841283 0.070724 0.031250
0 0.267270 0.837993 0.077303 0.083882
4 0.429276 0.797697 0.095395 0.098684
7 0.160362 0.771382 0.064145 0.065789
5 0.872533 0.734375 0.090461 0.090461
4 0.310033 0.704770 0.077303 0.077303
2 0.740132 0.652138 0.098684 0.097039
1 0.572368 0.634868 0.082237 0.082237
8 0.874178 0.584704 0.077303 0.077303
0 0.126645 0.540296 0.095395 0.106908
5 0.377467 0.520559 0.093750 0.087171
5 0.564967 0.504112 0.090461 0.083882
2 0.845395 0.430921 0.088816 0.085526
1 0.110197 0.402961 0.098684 0.098684
6 0.686678 0.397204 0.074013 0.129934
2 0.547697 0.324836 0.088816 0.083882
1 0.310855 0.300987 0.092105 0.092105
6 0.166118 0.262336 0.088816 0.054276
8 0.892270 0.244243 0.093750 0.093750
3 0.735197 0.215461 0.128289 0.125000
0 0.484375 0.171053 0.087171 0.092105
7 0.257401 0.154605 0.064145 0.065789
7 0.106086 0.108553 0.077303 0.078947
3 0.837171 0.116776 0.111842 0.118421
8 0.609375 0.101151 0.087171 0.087171
